205 205
205 417
205 468
205 978
205 1026
205 1118
205 1447
205 1537
205 1542
205 1938
205 1974
205 1990
205 2483
205 2713
205 2893
205 2955
205 3153
205 3365
205 3926
205 3974
205 4066
205 4336
205 5201
205 5332
205 5351
205 5375
205 5381
205 5563
205 5802
205 5893
205 6082
205 6090
205 6716
205 6855
205 6865
205 6903
205 6995
205 7265
205 7325
205 7546
205 7633
205 8313
205 8724
205 8876
417 205
417 417
417 468
417 978
417 1026
417 1118
417 1447
417 1537
417 1542
417 1938
417 1974
417 1990
417 2483
417 2713
417 2893
417 2955
417 3153
417 3365
417 3926
417 3974
417 4066
417 4336
417 5201
417 5332
417 5351
417 5375
417 5381
417 5563
417 5802
417 5893
417 6082
417 6090
417 6716
417 6855
417 6865
417 6903
417 6995
417 7265
417 7325
417 7546
417 7633
417 8313
417 8724
417 8876
468 205
468 417
468 468
468 978
468 1026
468 1118
468 1447
468 1537
468 1542
468 1938
468 1974
468 1990
468 2483
468 2713
468 2893
468 2955
468 3153
468 3365
468 3926
468 3974
468 4066
468 4336
468 5201
468 5332
468 5351
468 5375
468 5381
468 5563
468 5802
468 5893
468 6082
468 6090
468 6716
468 6855
468 6865
468 6903
468 6995
468 7265
468 7325
468 7546
468 7633
468 8313
468 8724
468 8876
978 205
978 417
978 468
978 978
978 1026
978 1118
978 1447
978 1537
978 1542
978 1938
978 1974
978 1990
978 2483
978 2713
978 2893
978 2955
978 3153
978 3365
978 3926
978 3974
978 4066
978 4336
978 5201
978 5332
978 5351
978 5375
978 5381
978 5563
978 5802
978 5893
978 6082
978 6090
978 6716
978 6855
978 6865
978 6903
978 6995
978 7265
978 7325
978 7546
978 7633
978 8313
978 8724
978 8876
1026 205
1026 417
1026 468
1026 978
1026 1026
1026 1118
1026 1447
1026 1537
1026 1542
1026 1938
1026 1974
1026 1990
1026 2483
1026 2713
1026 2893
1026 2955
1026 3153
1026 3365
1026 3926
1026 3974
1026 4066
1026 4336
1026 5201
1026 5332
1026 5351
1026 5375
1026 5381
1026 5563
1026 5802
1026 5893
1026 6082
1026 6090
1026 6716
1026 6855
1026 6865
1026 6903
1026 6995
1026 7265
1026 7325
1026 7546
1026 7633
1026 8313
1026 8724
1026 8876
1118 205
1118 417
1118 468
1118 978
1118 1026
1118 1118
1118 1447
1118 1537
1118 1542
1118 1938
1118 1974
1118 1990
1118 2483
1118 2713
1118 2893
1118 2955
1118 3153
1118 3365
1118 3926
1118 3974
1118 4066
1118 4336
1118 5201
1118 5332
1118 5351
1118 5375
1118 5381
1118 5563
1118 5802
1118 5893
1118 6082
1118 6090
1118 6716
1118 6855
1118 6865
1118 6903
1118 6995
1118 7265
1118 7325
1118 7546
1118 7633
1118 8313
1118 8724
1118 8876
1447 205
1447 417
1447 468
1447 978
1447 1026
1447 1118
1447 1447
1447 1537
1447 1542
1447 1938
1447 1974
1447 1990
1447 2483
1447 2713
1447 2893
1447 2955
1447 3153
1447 3365
1447 3926
1447 3974
1447 4066
1447 4336
1447 5201
1447 5332
1447 5351
1447 5375
1447 5381
1447 5563
1447 5802
1447 5893
1447 6082
1447 6090
1447 6716
1447 6855
1447 6865
1447 6903
1447 6995
1447 7265
1447 7325
1447 7546
1447 7633
1447 8313
1447 8724
1447 8876
1537 205
1537 417
1537 468
1537 978
1537 1026
1537 1118
1537 1447
1537 1537
1537 1542
1537 1938
1537 1974
1537 1990
1537 2483
1537 2713
1537 2893
1537 2955
1537 3153
1537 3365
1537 3926
1537 3974
1537 4066
1537 4336
1537 5201
1537 5332
1537 5351
1537 5375
1537 5381
1537 5563
1537 5802
1537 5893
1537 6082
1537 6090
1537 6716
1537 6855
1537 6865
1537 6903
1537 6995
1537 7265
1537 7325
1537 7546
1537 7633
1537 8313
1537 8724
1537 8876
1542 205
1542 417
1542 468
1542 978
1542 1026
1542 1118
1542 1447
1542 1537
1542 1542
1542 1938
1542 1974
1542 1990
1542 2483
1542 2713
1542 2893
1542 2955
1542 3153
1542 3365
1542 3926
1542 3974
1542 4066
1542 4336
1542 5201
1542 5332
1542 5351
1542 5375
1542 5381
1542 5563
1542 5802
1542 5893
1542 6082
1542 6090
1542 6716
1542 6855
1542 6865
1542 6903
1542 6995
1542 7265
1542 7325
1542 7546
1542 7633
1542 8313
1542 8724
1542 8876
1938 205
1938 417
1938 468
1938 978
1938 1026
1938 1118
1938 1447
1938 1537
1938 1542
1938 1938
1938 1974
1938 1990
1938 2483
1938 2713
1938 2893
1938 2955
1938 3153
1938 3365
1938 3926
1938 3974
1938 4066
1938 4336
1938 5201
1938 5332
1938 5351
1938 5375
1938 5381
1938 5563
1938 5802
1938 5893
1938 6082
1938 6090
1938 6716
1938 6855
1938 6865
1938 6903
1938 6995
1938 7265
1938 7325
1938 7546
1938 7633
1938 8313
1938 8724
1938 8876
1974 205
1974 417
1974 468
1974 978
1974 1026
1974 1118
1974 1447
1974 1537
1974 1542
1974 1938
1974 1974
1974 1990
1974 2483
1974 2713
1974 2893
1974 2955
1974 3153
1974 3365
1974 3926
1974 3974
1974 4066
1974 4336
1974 5201
1974 5332
1974 5351
1974 5375
1974 5381
1974 5563
1974 5802
1974 5893
1974 6082
1974 6090
1974 6716
1974 6855
1974 6865
1974 6903
1974 6995
1974 7265
1974 7325
1974 7546
1974 7633
1974 8313
1974 8724
1974 8876
1990 205
1990 417
1990 468
1990 978
1990 1026
1990 1118
1990 1447
1990 1537
1990 1542
1990 1938
1990 1974
1990 1990
1990 2483
1990 2713
1990 2893
1990 2955
1990 3153
1990 3365
1990 3926
1990 3974
1990 4066
1990 4336
1990 5201
1990 5332
1990 5351
1990 5375
1990 5381
1990 5563
1990 5802
1990 5893
1990 6082
1990 6090
1990 6716
1990 6855
1990 6865
1990 6903
1990 6995
1990 7265
1990 7325
1990 7546
1990 7633
1990 8313
1990 8724
1990 8876
2483 205
2483 417
2483 468
2483 978
2483 1026
2483 1118
2483 1447
2483 1537
2483 1542
2483 1938
2483 1974
2483 1990
2483 2483
2483 2713
2483 2893
2483 2955
2483 3153
2483 3365
2483 3926
2483 3974
2483 4066
2483 4336
2483 5201
2483 5332
2483 5351
2483 5375
2483 5381
2483 5563
2483 5802
2483 5893
2483 6082
2483 6090
2483 6716
2483 6855
2483 6865
2483 6903
2483 6995
2483 7265
2483 7325
2483 7546
2483 7633
2483 8313
2483 8724
2483 8876
2713 205
2713 417
2713 468
2713 978
2713 1026
2713 1118
2713 1447
2713 1537
2713 1542
2713 1938
2713 1974
2713 1990
2713 2483
2713 2713
2713 2893
2713 2955
2713 3153
2713 3365
2713 3926
2713 3974
2713 4066
2713 4336
2713 5201
2713 5332
2713 5351
2713 5375
2713 5381
2713 5563
2713 5802
2713 5893
2713 6082
2713 6090
2713 6716
2713 6855
2713 6865
2713 6903
2713 6995
2713 7265
2713 7325
2713 7546
2713 7633
2713 8313
2713 8724
2713 8876
2893 205
2893 417
2893 468
2893 978
2893 1026
2893 1118
2893 1447
2893 1537
2893 1542
2893 1938
2893 1974
2893 1990
2893 2483
2893 2713
2893 2893
2893 2955
2893 3153
2893 3365
2893 3926
2893 3974
2893 4066
2893 4336
2893 5201
2893 5332
2893 5351
2893 5375
2893 5381
2893 5563
2893 5802
2893 5893
2893 6082
2893 6090
2893 6716
2893 6855
2893 6865
2893 6903
2893 6995
2893 7265
2893 7325
2893 7546
2893 7633
2893 8313
2893 8724
2893 8876
2955 205
2955 417
2955 468
2955 978
2955 1026
2955 1118
2955 1447
2955 1537
2955 1542
2955 1938
2955 1974
2955 1990
2955 2483
2955 2713
2955 2893
2955 2955
2955 3153
2955 3365
2955 3926
2955 3974
2955 4066
2955 4336
2955 5201
2955 5332
2955 5351
2955 5375
2955 5381
2955 5563
2955 5802
2955 5893
2955 6082
2955 6090
2955 6716
2955 6855
2955 6865
2955 6903
2955 6995
2955 7265
2955 7325
2955 7546
2955 7633
2955 8313
2955 8724
2955 8876
3153 205
3153 417
3153 468
3153 978
3153 1026
3153 1118
3153 1447
3153 1537
3153 1542
3153 1938
3153 1974
3153 1990
3153 2483
3153 2713
3153 2893
3153 2955
3153 3153
3153 3365
3153 3926
3153 3974
3153 4066
3153 4336
3153 5201
3153 5332
3153 5351
3153 5375
3153 5381
3153 5563
3153 5802
3153 5893
3153 6082
3153 6090
3153 6716
3153 6855
3153 6865
3153 6903
3153 6995
3153 7265
3153 7325
3153 7546
3153 7633
3153 8313
3153 8724
3153 8876
3365 205
3365 417
3365 468
3365 978
3365 1026
3365 1118
3365 1447
3365 1537
3365 1542
3365 1938
3365 1974
3365 1990
3365 2483
3365 2713
3365 2893
3365 2955
3365 3153
3365 3365
3365 3926
3365 3974
3365 4066
3365 4336
3365 5201
3365 5332
3365 5351
3365 5375
3365 5381
3365 5563
3365 5802
3365 5893
3365 6082
3365 6090
3365 6716
3365 6855
3365 6865
3365 6903
3365 6995
3365 7265
3365 7325
3365 7546
3365 7633
3365 8313
3365 8724
3365 8876
3926 205
3926 417
3926 468
3926 978
3926 1026
3926 1118
3926 1447
3926 1537
3926 1542
3926 1938
3926 1974
3926 1990
3926 2483
3926 2713
3926 2893
3926 2955
3926 3153
3926 3365
3926 3926
3926 3974
3926 4066
3926 4336
3926 5201
3926 5332
3926 5351
3926 5375
3926 5381
3926 5563
3926 5802
3926 5893
3926 6082
3926 6090
3926 6716
3926 6855
3926 6865
3926 6903
3926 6995
3926 7265
3926 7325
3926 7546
3926 7633
3926 8313
3926 8724
3926 8876
3974 205
3974 417
3974 468
3974 978
3974 1026
3974 1118
3974 1447
3974 1537
3974 1542
3974 1938
3974 1974
3974 1990
3974 2483
3974 2713
3974 2893
3974 2955
3974 3153
3974 3365
3974 3926
3974 3974
3974 4066
3974 4336
3974 5201
3974 5332
3974 5351
3974 5375
3974 5381
3974 5563
3974 5802
3974 5893
3974 6082
3974 6090
3974 6716
3974 6855
3974 6865
3974 6903
3974 6995
3974 7265
3974 7325
3974 7546
3974 7633
3974 8313
3974 8724
3974 8876
4066 205
4066 417
4066 468
4066 978
4066 1026
4066 1118
4066 1447
4066 1537
4066 1542
4066 1938
4066 1974
4066 1990
4066 2483
4066 2713
4066 2893
4066 2955
4066 3153
4066 3365
4066 3926
4066 3974
4066 4066
4066 4336
4066 5201
4066 5332
4066 5351
4066 5375
4066 5381
4066 5563
4066 5802
4066 5893
4066 6082
4066 6090
4066 6716
4066 6855
4066 6865
4066 6903
4066 6995
4066 7265
4066 7325
4066 7546
4066 7633
4066 8313
4066 8724
4066 8876
4336 205
4336 417
4336 468
4336 978
4336 1026
4336 1118
4336 1447
4336 1537
4336 1542
4336 1938
4336 1974
4336 1990
4336 2483
4336 2713
4336 2893
4336 2955
4336 3153
4336 3365
4336 3926
4336 3974
4336 4066
4336 4336
4336 5201
4336 5332
4336 5351
4336 5375
4336 5381
4336 5563
4336 5802
4336 5893
4336 6082
4336 6090
4336 6716
4336 6855
4336 6865
4336 6903
4336 6995
4336 7265
4336 7325
4336 7546
4336 7633
4336 8313
4336 8724
4336 8876
5201 205
5201 417
5201 468
5201 978
5201 1026
5201 1118
5201 1447
5201 1537
5201 1542
5201 1938
5201 1974
5201 1990
5201 2483
5201 2713
5201 2893
5201 2955
5201 3153
5201 3365
5201 3926
5201 3974
5201 4066
5201 4336
5201 5201
5201 5332
5201 5351
5201 5375
5201 5381
5201 5563
5201 5802
5201 5893
5201 6082
5201 6090
5201 6716
5201 6855
5201 6865
5201 6903
5201 6995
5201 7265
5201 7325
5201 7546
5201 7633
5201 8313
5201 8724
5201 8876
5332 205
5332 417
5332 468
5332 978
5332 1026
5332 1118
5332 1447
5332 1537
5332 1542
5332 1938
5332 1974
5332 1990
5332 2483
5332 2713
5332 2893
5332 2955
5332 3153
5332 3365
5332 3926
5332 3974
5332 4066
5332 4336
5332 5201
5332 5332
5332 5351
5332 5375
5332 5381
5332 5563
5332 5802
5332 5893
5332 6082
5332 6090
5332 6716
5332 6855
5332 6865
5332 6903
5332 6995
5332 7265
5332 7325
5332 7546
5332 7633
5332 8313
5332 8724
5332 8876
5351 205
5351 417
5351 468
5351 978
5351 1026
5351 1118
5351 1447
5351 1537
5351 1542
5351 1938
5351 1974
5351 1990
5351 2483
5351 2713
5351 2893
5351 2955
5351 3153
5351 3365
5351 3926
5351 3974
5351 4066
5351 4336
5351 5201
5351 5332
5351 5351
5351 5375
5351 5381
5351 5563
5351 5802
5351 5893
5351 6082
5351 6090
5351 6716
5351 6855
5351 6865
5351 6903
5351 6995
5351 7265
5351 7325
5351 7546
5351 7633
5351 8313
5351 8724
5351 8876
5375 205
5375 417
5375 468
5375 978
5375 1026
5375 1118
5375 1447
5375 1537
5375 1542
5375 1938
5375 1974
5375 1990
5375 2483
5375 2713
5375 2893
5375 2955
5375 3153
5375 3365
5375 3926
5375 3974
5375 4066
5375 4336
5375 5201
5375 5332
5375 5351
5375 5375
5375 5381
5375 5563
5375 5802
5375 5893
5375 6082
5375 6090
5375 6716
5375 6855
5375 6865
5375 6903
5375 6995
5375 7265
5375 7325
5375 7546
5375 7633
5375 8313
5375 8724
5375 8876
5381 205
5381 417
5381 468
5381 978
5381 1026
5381 1118
5381 1447
5381 1537
5381 1542
5381 1938
5381 1974
5381 1990
5381 2483
5381 2713
5381 2893
5381 2955
5381 3153
5381 3365
5381 3926
5381 3974
5381 4066
5381 4336
5381 5201
5381 5332
5381 5351
5381 5375
5381 5381
5381 5563
5381 5802
5381 5893
5381 6082
5381 6090
5381 6716
5381 6855
5381 6865
5381 6903
5381 6995
5381 7265
5381 7325
5381 7546
5381 7633
5381 8313
5381 8724
5381 8876
5563 205
5563 417
5563 468
5563 978
5563 1026
5563 1118
5563 1447
5563 1537
5563 1542
5563 1938
5563 1974
5563 1990
5563 2483
5563 2713
5563 2893
5563 2955
5563 3153
5563 3365
5563 3926
5563 3974
5563 4066
5563 4336
5563 5201
5563 5332
5563 5351
5563 5375
5563 5381
5563 5563
5563 5802
5563 5893
5563 6082
5563 6090
5563 6716
5563 6855
5563 6865
5563 6903
5563 6995
5563 7265
5563 7325
5563 7546
5563 7633
5563 8313
5563 8724
5563 8876
5802 205
5802 417
5802 468
5802 978
5802 1026
5802 1118
5802 1447
5802 1537
5802 1542
5802 1938
5802 1974
5802 1990
5802 2483
5802 2713
5802 2893
5802 2955
5802 3153
5802 3365
5802 3926
5802 3974
5802 4066
5802 4336
5802 5201
5802 5332
5802 5351
5802 5375
5802 5381
5802 5563
5802 5802
5802 5893
5802 6082
5802 6090
5802 6716
5802 6855
5802 6865
5802 6903
5802 6995
5802 7265
5802 7325
5802 7546
5802 7633
5802 8313
5802 8724
5802 8876
5893 205
5893 417
5893 468
5893 978
5893 1026
5893 1118
5893 1447
5893 1537
5893 1542
5893 1938
5893 1974
5893 1990
5893 2483
5893 2713
5893 2893
5893 2955
5893 3153
5893 3365
5893 3926
5893 3974
5893 4066
5893 4336
5893 5201
5893 5332
5893 5351
5893 5375
5893 5381
5893 5563
5893 5802
5893 5893
5893 6082
5893 6090
5893 6716
5893 6855
5893 6865
5893 6903
5893 6995
5893 7265
5893 7325
5893 7546
5893 7633
5893 8313
5893 8724
5893 8876
6082 205
6082 417
6082 468
6082 978
6082 1026
6082 1118
6082 1447
6082 1537
6082 1542
6082 1938
6082 1974
6082 1990
6082 2483
6082 2713
6082 2893
6082 2955
6082 3153
6082 3365
6082 3926
6082 3974
6082 4066
6082 4336
6082 5201
6082 5332
6082 5351
6082 5375
6082 5381
6082 5563
6082 5802
6082 5893
6082 6082
6082 6090
6082 6716
6082 6855
6082 6865
6082 6903
6082 6995
6082 7265
6082 7325
6082 7546
6082 7633
6082 8313
6082 8724
6082 8876
6090 205
6090 417
6090 468
6090 978
6090 1026
6090 1118
6090 1447
6090 1537
6090 1542
6090 1938
6090 1974
6090 1990
6090 2483
6090 2713
6090 2893
6090 2955
6090 3153
6090 3365
6090 3926
6090 3974
6090 4066
6090 4336
6090 5201
6090 5332
6090 5351
6090 5375
6090 5381
6090 5563
6090 5802
6090 5893
6090 6082
6090 6090
6090 6716
6090 6855
6090 6865
6090 6903
6090 6995
6090 7265
6090 7325
6090 7546
6090 7633
6090 8313
6090 8724
6090 8876
6716 205
6716 417
6716 468
6716 978
6716 1026
6716 1118
6716 1447
6716 1537
6716 1542
6716 1938
6716 1974
6716 1990
6716 2483
6716 2713
6716 2893
6716 2955
6716 3153
6716 3365
6716 3926
6716 3974
6716 4066
6716 4336
6716 5201
6716 5332
6716 5351
6716 5375
6716 5381
6716 5563
6716 5802
6716 5893
6716 6082
6716 6090
6716 6716
6716 6855
6716 6865
6716 6903
6716 6995
6716 7265
6716 7325
6716 7546
6716 7633
6716 8313
6716 8724
6716 8876
6855 205
6855 417
6855 468
6855 978
6855 1026
6855 1118
6855 1447
6855 1537
6855 1542
6855 1938
6855 1974
6855 1990
6855 2483
6855 2713
6855 2893
6855 2955
6855 3153
6855 3365
6855 3926
6855 3974
6855 4066
6855 4336
6855 5201
6855 5332
6855 5351
6855 5375
6855 5381
6855 5563
6855 5802
6855 5893
6855 6082
6855 6090
6855 6716
6855 6855
6855 6865
6855 6903
6855 6995
6855 7265
6855 7325
6855 7546
6855 7633
6855 8313
6855 8724
6855 8876
6865 205
6865 417
6865 468
6865 978
6865 1026
6865 1118
6865 1447
6865 1537
6865 1542
6865 1938
6865 1974
6865 1990
6865 2483
6865 2713
6865 2893
6865 2955
6865 3153
6865 3365
6865 3926
6865 3974
6865 4066
6865 4336
6865 5201
6865 5332
6865 5351
6865 5375
6865 5381
6865 5563
6865 5802
6865 5893
6865 6082
6865 6090
6865 6716
6865 6855
6865 6865
6865 6903
6865 6995
6865 7265
6865 7325
6865 7546
6865 7633
6865 8313
6865 8724
6865 8876
6903 205
6903 417
6903 468
6903 978
6903 1026
6903 1118
6903 1447
6903 1537
6903 1542
6903 1938
6903 1974
6903 1990
6903 2483
6903 2713
6903 2893
6903 2955
6903 3153
6903 3365
6903 3926
6903 3974
6903 4066
6903 4336
6903 5201
6903 5332
6903 5351
6903 5375
6903 5381
6903 5563
6903 5802
6903 5893
6903 6082
6903 6090
6903 6716
6903 6855
6903 6865
6903 6903
6903 6995
6903 7265
6903 7325
6903 7546
6903 7633
6903 8313
6903 8724
6903 8876
6995 205
6995 417
6995 468
6995 978
6995 1026
6995 1118
6995 1447
6995 1537
6995 1542
6995 1938
6995 1974
6995 1990
6995 2483
6995 2713
6995 2893
6995 2955
6995 3153
6995 3365
6995 3926
6995 3974
6995 4066
6995 4336
6995 5201
6995 5332
6995 5351
6995 5375
6995 5381
6995 5563
6995 5802
6995 5893
6995 6082
6995 6090
6995 6716
6995 6855
6995 6865
6995 6903
6995 6995
6995 7265
6995 7325
6995 7546
6995 7633
6995 8313
6995 8724
6995 8876
7265 205
7265 417
7265 468
7265 978
7265 1026
7265 1118
7265 1447
7265 1537
7265 1542
7265 1938
7265 1974
7265 1990
7265 2483
7265 2713
7265 2893
7265 2955
7265 3153
7265 3365
7265 3926
7265 3974
7265 4066
7265 4336
7265 5201
7265 5332
7265 5351
7265 5375
7265 5381
7265 5563
7265 5802
7265 5893
7265 6082
7265 6090
7265 6716
7265 6855
7265 6865
7265 6903
7265 6995
7265 7265
7265 7325
7265 7546
7265 7633
7265 8313
7265 8724
7265 8876
7325 205
7325 417
7325 468
7325 978
7325 1026
7325 1118
7325 1447
7325 1537
7325 1542
7325 1938
7325 1974
7325 1990
7325 2483
7325 2713
7325 2893
7325 2955
7325 3153
7325 3365
7325 3926
7325 3974
7325 4066
7325 4336
7325 5201
7325 5332
7325 5351
7325 5375
7325 5381
7325 5563
7325 5802
7325 5893
7325 6082
7325 6090
7325 6716
7325 6855
7325 6865
7325 6903
7325 6995
7325 7265
7325 7325
7325 7546
7325 7633
7325 8313
7325 8724
7325 8876
7546 205
7546 417
7546 468
7546 978
7546 1026
7546 1118
7546 1447
7546 1537
7546 1542
7546 1938
7546 1974
7546 1990
7546 2483
7546 2713
7546 2893
7546 2955
7546 3153
7546 3365
7546 3926
7546 3974
7546 4066
7546 4336
7546 5201
7546 5332
7546 5351
7546 5375
7546 5381
7546 5563
7546 5802
7546 5893
7546 6082
7546 6090
7546 6716
7546 6855
7546 6865
7546 6903
7546 6995
7546 7265
7546 7325
7546 7546
7546 7633
7546 8313
7546 8724
7546 8876
7633 205
7633 417
7633 468
7633 978
7633 1026
7633 1118
7633 1447
7633 1537
7633 1542
7633 1938
7633 1974
7633 1990
7633 2483
7633 2713
7633 2893
7633 2955
7633 3153
7633 3365
7633 3926
7633 3974
7633 4066
7633 4336
7633 5201
7633 5332
7633 5351
7633 5375
7633 5381
7633 5563
7633 5802
7633 5893
7633 6082
7633 6090
7633 6716
7633 6855
7633 6865
7633 6903
7633 6995
7633 7265
7633 7325
7633 7546
7633 7633
7633 8313
7633 8724
7633 8876
8313 205
8313 417
8313 468
8313 978
8313 1026
8313 1118
8313 1447
8313 1537
8313 1542
8313 1938
8313 1974
8313 1990
8313 2483
8313 2713
8313 2893
8313 2955
8313 3153
8313 3365
8313 3926
8313 3974
8313 4066
8313 4336
8313 5201
8313 5332
8313 5351
8313 5375
8313 5381
8313 5563
8313 5802
8313 5893
8313 6082
8313 6090
8313 6716
8313 6855
8313 6865
8313 6903
8313 6995
8313 7265
8313 7325
8313 7546
8313 7633
8313 8313
8313 8724
8313 8876
8724 205
8724 417
8724 468
8724 978
8724 1026
8724 1118
8724 1447
8724 1537
8724 1542
8724 1938
8724 1974
8724 1990
8724 2483
8724 2713
8724 2893
8724 2955
8724 3153
8724 3365
8724 3926
8724 3974
8724 4066
8724 4336
8724 5201
8724 5332
8724 5351
8724 5375
8724 5381
8724 5563
8724 5802
8724 5893
8724 6082
8724 6090
8724 6716
8724 6855
8724 6865
8724 6903
8724 6995
8724 7265
8724 7325
8724 7546
8724 7633
8724 8313
8724 8724
8724 8876
8876 205
8876 417
8876 468
8876 978
8876 1026
8876 1118
8876 1447
8876 1537
8876 1542
8876 1938
8876 1974
8876 1990
8876 2483
8876 2713
8876 2893
8876 2955
8876 3153
8876 3365
8876 3926
8876 3974
8876 4066
8876 4336
8876 5201
8876 5332
8876 5351
8876 5375
8876 5381
8876 5563
8876 5802
8876 5893
8876 6082
8876 6090
8876 6716
8876 6855
8876 6865
8876 6903
8876 6995
8876 7265
8876 7325
8876 7546
8876 7633
8876 8313
8876 8724
8876 8876
205 205
205 417
205 468
205 978
205 1026
205 1118
205 1447
205 1537
205 1542
205 1938
205 1974
205 1990
205 2483
205 2713
205 2893
205 2955
205 3153
205 3365
205 3926
205 3974
205 4066
205 4336
205 5201
205 5332
205 5351
205 5375
205 5381
205 5563
205 5802
205 5893
205 6082
205 6090
205 6716
205 6855
205 6865
205 6903
205 6995
205 7265
205 7325
205 7546
205 7633
205 8313
205 8724
205 8876
417 205
417 417
417 468
417 978
417 1026
417 1118
417 1447
417 1537
417 1542
417 1938
417 1974
417 1990
417 2483
417 2713
417 2893
417 2955
417 3153
417 3365
417 3926
417 3974
417 4066
417 4336
417 5201
417 5332
417 5351
417 5375
417 5381
417 5563
417 5802
417 5893
417 6082
417 6090
417 6716
417 6855
417 6865
417 6903
417 6995
417 7265
417 7325
417 7546
417 7633
417 8313
417 8724
417 8876
468 205
468 417
468 468
468 978
468 1026
468 1118
468 1447
468 1537
468 1542
468 1938
468 1974
468 1990
468 2483
468 2713
468 2893
468 2955
468 3153
468 3365
468 3926
468 3974
468 4066
468 4336
468 5201
468 5332
468 5351
468 5375
468 5381
468 5563
468 5802
468 5893
468 6082
468 6090
468 6716
468 6855
468 6865
468 6903
468 6995
468 7265
468 7325
468 7546
468 7633
468 8313
468 8724
468 8876
978 205
978 417
978 468
978 978
978 1026
978 1118
978 1447
978 1537
978 1542
978 1938
978 1974
978 1990
978 2483
978 2713
978 2893
978 2955
978 3153
978 3365
978 3926
978 3974
978 4066
978 4336
978 5201
978 5332
978 5351
978 5375
978 5381
978 5563
978 5802
978 5893
978 6082
978 6090
978 6716
978 6855
978 6865
978 6903
978 6995
978 7265
978 7325
978 7546
978 7633
978 8313
978 8724
978 8876
1026 205
1026 417
1026 468
1026 978
1026 1026
1026 1118
1026 1447
1026 1537
1026 1542
1026 1938
1026 1974
1026 1990
1026 2483
1026 2713
1026 2893
1026 2955
1026 3153
1026 3365
1026 3926
1026 3974
1026 4066
1026 4336
1026 5201
1026 5332
1026 5351
1026 5375
1026 5381
1026 5563
1026 5802
1026 5893
1026 6082
1026 6090
1026 6716
1026 6855
1026 6865
1026 6903
1026 6995
1026 7265
1026 7325
1026 7546
1026 7633
1026 8313
1026 8724
1026 8876
1118 205
1118 417
1118 468
1118 978
1118 1026
1118 1118
1118 1447
1118 1537
1118 1542
1118 1938
1118 1974
1118 1990
1118 2483
1118 2713
1118 2893
1118 2955
1118 3153
1118 3365
1118 3926
1118 3974
1118 4066
1118 4336
1118 5201
1118 5332
1118 5351
1118 5375
1118 5381
1118 5563
1118 5802
1118 5893
1118 6082
1118 6090
1118 6716
1118 6855
1118 6865
1118 6903
1118 6995
1118 7265
1118 7325
1118 7546
1118 7633
1118 8313
1118 8724
1118 8876
1447 205
1447 417
1447 468
1447 978
1447 1026
1447 1118
1447 1447
1447 1537
1447 1542
1447 1938
1447 1974
1447 1990
1447 2483
1447 2713
1447 2893
1447 2955
1447 3153
1447 3365
1447 3926
1447 3974
1447 4066
1447 4336
1447 5201
1447 5332
1447 5351
1447 5375
1447 5381
1447 5563
1447 5802
1447 5893
1447 6082
1447 6090
1447 6716
1447 6855
1447 6865
1447 6903
1447 6995
1447 7265
1447 7325
1447 7546
1447 7633
1447 8313
1447 8724
1447 8876
1537 205
1537 417
1537 468
1537 978
1537 1026
1537 1118
1537 1447
1537 1537
1537 1542
1537 1938
1537 1974
1537 1990
1537 2483
1537 2713
1537 2893
1537 2955
1537 3153
1537 3365
1537 3926
1537 3974
1537 4066
1537 4336
1537 5201
1537 5332
1537 5351
1537 5375
1537 5381
1537 5563
1537 5802
1537 5893
1537 6082
1537 6090
1537 6716
1537 6855
1537 6865
1537 6903
1537 6995
1537 7265
1537 7325
1537 7546
1537 7633
1537 8313
1537 8724
1537 8876
1542 205
1542 417
1542 468
1542 978
1542 1026
1542 1118
1542 1447
1542 1537
1542 1542
1542 1938
1542 1974
1542 1990
1542 2483
1542 2713
1542 2893
1542 2955
1542 3153
1542 3365
1542 3926
1542 3974
1542 4066
1542 4336
1542 5201
1542 5332
1542 5351
1542 5375
1542 5381
1542 5563
1542 5802
1542 5893
1542 6082
1542 6090
1542 6716
1542 6855
1542 6865
1542 6903
1542 6995
1542 7265
1542 7325
1542 7546
1542 7633
1542 8313
1542 8724
1542 8876
1938 205
1938 417
1938 468
1938 978
1938 1026
1938 1118
1938 1447
1938 1537
1938 1542
1938 1938
1938 1974
1938 1990
1938 2483
1938 2713
1938 2893
1938 2955
1938 3153
1938 3365
1938 3926
1938 3974
1938 4066
1938 4336
1938 5201
1938 5332
1938 5351
1938 5375
1938 5381
1938 5563
1938 5802
1938 5893
1938 6082
1938 6090
1938 6716
1938 6855
1938 6865
1938 6903
1938 6995
1938 7265
1938 7325
1938 7546
1938 7633
1938 8313
1938 8724
1938 8876
1974 205
1974 417
1974 468
1974 978
1974 1026
1974 1118
1974 1447
1974 1537
1974 1542
1974 1938
1974 1974
1974 1990
1974 2483
1974 2713
1974 2893
1974 2955
1974 3153
1974 3365
1974 3926
1974 3974
1974 4066
1974 4336
1974 5201
1974 5332
1974 5351
1974 5375
1974 5381
1974 5563
1974 5802
1974 5893
1974 6082
1974 6090
1974 6716
1974 6855
1974 6865
1974 6903
1974 6995
1974 7265
1974 7325
1974 7546
1974 7633
1974 8313
1974 8724
1974 8876
1990 205
1990 417
1990 468
1990 978
1990 1026
1990 1118
1990 1447
1990 1537
1990 1542
1990 1938
1990 1974
1990 1990
1990 2483
1990 2713
1990 2893
1990 2955
1990 3153
1990 3365
1990 3926
1990 3974
1990 4066
1990 4336
1990 5201
1990 5332
1990 5351
1990 5375
1990 5381
1990 5563
1990 5802
1990 5893
1990 6082
1990 6090
1990 6716
1990 6855
1990 6865
1990 6903
1990 6995
1990 7265
1990 7325
1990 7546
1990 7633
1990 8313
1990 8724
1990 8876
2483 205
2483 417
2483 468
2483 978
2483 1026
2483 1118
2483 1447
2483 1537
2483 1542
2483 1938
2483 1974
2483 1990
2483 2483
2483 2713
2483 2893
2483 2955
2483 3153
2483 3365
2483 3926
2483 3974
2483 4066
2483 4336
2483 5201
2483 5332
2483 5351
2483 5375
2483 5381
2483 5563
2483 5802
2483 5893
2483 6082
2483 6090
2483 6716
2483 6855
2483 6865
2483 6903
2483 6995
2483 7265
2483 7325
2483 7546
2483 7633
2483 8313
2483 8724
2483 8876
2713 205
2713 417
2713 468
2713 978
2713 1026
2713 1118
2713 1447
2713 1537
2713 1542
2713 1938
2713 1974
2713 1990
2713 2483
2713 2713
2713 2893
2713 2955
2713 3153
2713 3365
2713 3926
2713 3974
2713 4066
2713 4336
2713 5201
2713 5332
2713 5351
2713 5375
2713 5381
2713 5563
2713 5802
2713 5893
2713 6082
2713 6090
2713 6716
2713 6855
2713 6865
2713 6903
2713 6995
2713 7265
2713 7325
2713 7546
2713 7633
2713 8313
2713 8724
2713 8876
2893 205
2893 417
2893 468
2893 978
2893 1026
2893 1118
2893 1447
2893 1537
2893 1542
2893 1938
2893 1974
2893 1990
2893 2483
2893 2713
2893 2893
2893 2955
2893 3153
2893 3365
2893 3926
2893 3974
2893 4066
2893 4336
2893 5201
2893 5332
2893 5351
2893 5375
2893 5381
2893 5563
2893 5802
2893 5893
2893 6082
2893 6090
2893 6716
2893 6855
2893 6865
2893 6903
2893 6995
2893 7265
2893 7325
2893 7546
2893 7633
2893 8313
2893 8724
2893 8876
2955 205
2955 417
2955 468
2955 978
2955 1026
2955 1118
2955 1447
2955 1537
2955 1542
2955 1938
2955 1974
2955 1990
2955 2483
2955 2713
2955 2893
2955 2955
2955 3153
2955 3365
2955 3926
2955 3974
2955 4066
2955 4336
2955 5201
2955 5332
2955 5351
2955 5375
2955 5381
2955 5563
2955 5802
2955 5893
2955 6082
2955 6090
2955 6716
2955 6855
2955 6865
2955 6903
2955 6995
2955 7265
2955 7325
2955 7546
2955 7633
2955 8313
2955 8724
2955 8876
3153 205
3153 417
3153 468
3153 978
3153 1026
3153 1118
3153 1447
3153 1537
3153 1542
3153 1938
3153 1974
3153 1990
3153 2483
3153 2713
3153 2893
3153 2955
3153 3153
3153 3365
3153 3926
3153 3974
3153 4066
3153 4336
3153 5201
3153 5332
3153 5351
3153 5375
3153 5381
3153 5563
3153 5802
3153 5893
3153 6082
3153 6090
3153 6716
3153 6855
3153 6865
3153 6903
3153 6995
3153 7265
3153 7325
3153 7546
3153 7633
3153 8313
3153 8724
3153 8876
3365 205
3365 417
3365 468
3365 978
3365 1026
3365 1118
3365 1447
3365 1537
3365 1542
3365 1938
3365 1974
3365 1990
3365 2483
3365 2713
3365 2893
3365 2955
3365 3153
3365 3365
3365 3926
3365 3974
3365 4066
3365 4336
3365 5201
3365 5332
3365 5351
3365 5375
3365 5381
3365 5563
3365 5802
3365 5893
3365 6082
3365 6090
3365 6716
3365 6855
3365 6865
3365 6903
3365 6995
3365 7265
3365 7325
3365 7546
3365 7633
3365 8313
3365 8724
3365 8876
3926 205
3926 417
3926 468
3926 978
3926 1026
3926 1118
3926 1447
3926 1537
3926 1542
3926 1938
3926 1974
3926 1990
3926 2483
3926 2713
3926 2893
3926 2955
3926 3153
3926 3365
3926 3926
3926 3974
3926 4066
3926 4336
3926 5201
3926 5332
3926 5351
3926 5375
3926 5381
3926 5563
3926 5802
3926 5893
3926 6082
3926 6090
3926 6716
3926 6855
3926 6865
3926 6903
3926 6995
3926 7265
3926 7325
3926 7546
3926 7633
3926 8313
3926 8724
3926 8876
3974 205
3974 417
3974 468
3974 978
3974 1026
3974 1118
3974 1447
3974 1537
3974 1542
3974 1938
3974 1974
3974 1990
3974 2483
3974 2713
3974 2893
3974 2955
3974 3153
3974 3365
3974 3926
3974 3974
3974 4066
3974 4336
3974 5201
3974 5332
3974 5351
3974 5375
3974 5381
3974 5563
3974 5802
3974 5893
3974 6082
3974 6090
3974 6716
3974 6855
3974 6865
3974 6903
3974 6995
3974 7265
3974 7325
3974 7546
3974 7633
3974 8313
3974 8724
3974 8876
4066 205
4066 417
4066 468
4066 978
4066 1026
4066 1118
4066 1447
4066 1537
4066 1542
4066 1938
4066 1974
4066 1990
4066 2483
4066 2713
4066 2893
4066 2955
4066 3153
4066 3365
4066 3926
4066 3974
4066 4066
4066 4336
4066 5201
4066 5332
4066 5351
4066 5375
4066 5381
4066 5563
4066 5802
4066 5893
4066 6082
4066 6090
4066 6716
4066 6855
4066 6865
4066 6903
4066 6995
4066 7265
4066 7325
4066 7546
4066 7633
4066 8313
4066 8724
4066 8876
4336 205
4336 417
4336 468
4336 978
4336 1026
4336 1118
4336 1447
4336 1537
4336 1542
4336 1938
4336 1974
4336 1990
4336 2483
4336 2713
4336 2893
4336 2955
4336 3153
4336 3365
4336 3926
4336 3974
4336 4066
4336 4336
4336 5201
4336 5332
4336 5351
4336 5375
4336 5381
4336 5563
4336 5802
4336 5893
4336 6082
4336 6090
4336 6716
4336 6855
4336 6865
4336 6903
4336 6995
4336 7265
4336 7325
4336 7546
4336 7633
4336 8313
4336 8724
4336 8876
5201 205
5201 417
5201 468
5201 978
5201 1026
5201 1118
5201 1447
5201 1537
5201 1542
5201 1938
5201 1974
5201 1990
5201 2483
5201 2713
5201 2893
5201 2955
5201 3153
5201 3365
5201 3926
5201 3974
5201 4066
5201 4336
5201 5201
5201 5332
5201 5351
5201 5375
5201 5381
5201 5563
5201 5802
5201 5893
5201 6082
5201 6090
5201 6716
5201 6855
5201 6865
5201 6903
5201 6995
5201 7265
5201 7325
5201 7546
5201 7633
5201 8313
5201 8724
5201 8876
5332 205
5332 417
5332 468
5332 978
5332 1026
5332 1118
5332 1447
5332 1537
5332 1542
5332 1938
5332 1974
5332 1990
5332 2483
5332 2713
5332 2893
5332 2955
5332 3153
5332 3365
5332 3926
5332 3974
5332 4066
5332 4336
5332 5201
5332 5332
5332 5351
5332 5375
5332 5381
5332 5563
5332 5802
5332 5893
5332 6082
5332 6090
5332 6716
5332 6855
5332 6865
5332 6903
5332 6995
5332 7265
5332 7325
5332 7546
5332 7633
5332 8313
5332 8724
5332 8876
5351 205
5351 417
5351 468
5351 978
5351 1026
5351 1118
5351 1447
5351 1537
5351 1542
5351 1938
5351 1974
5351 1990
5351 2483
5351 2713
5351 2893
5351 2955
5351 3153
5351 3365
5351 3926
5351 3974
5351 4066
5351 4336
5351 5201
5351 5332
5351 5351
5351 5375
5351 5381
5351 5563
5351 5802
5351 5893
5351 6082
5351 6090
5351 6716
5351 6855
5351 6865
5351 6903
5351 6995
5351 7265
5351 7325
5351 7546
5351 7633
5351 8313
5351 8724
5351 8876
5375 205
5375 417
5375 468
5375 978
5375 1026
5375 1118
5375 1447
5375 1537
5375 1542
5375 1938
5375 1974
5375 1990
5375 2483
5375 2713
5375 2893
5375 2955
5375 3153
5375 3365
5375 3926
5375 3974
5375 4066
5375 4336
5375 5201
5375 5332
5375 5351
5375 5375
5375 5381
5375 5563
5375 5802
5375 5893
5375 6082
5375 6090
5375 6716
5375 6855
5375 6865
5375 6903
5375 6995
5375 7265
5375 7325
5375 7546
5375 7633
5375 8313
5375 8724
5375 8876
5381 205
5381 417
5381 468
5381 978
5381 1026
5381 1118
5381 1447
5381 1537
5381 1542
5381 1938
5381 1974
5381 1990
5381 2483
5381 2713
5381 2893
5381 2955
5381 3153
5381 3365
5381 3926
5381 3974
5381 4066
5381 4336
5381 5201
5381 5332
5381 5351
5381 5375
5381 5381
5381 5563
5381 5802
5381 5893
5381 6082
5381 6090
5381 6716
5381 6855
5381 6865
5381 6903
5381 6995
5381 7265
5381 7325
5381 7546
5381 7633
5381 8313
5381 8724
5381 8876
5563 205
5563 417
5563 468
5563 978
5563 1026
5563 1118
5563 1447
5563 1537
5563 1542
5563 1938
5563 1974
5563 1990
5563 2483
5563 2713
5563 2893
5563 2955
5563 3153
5563 3365
5563 3926
5563 3974
5563 4066
5563 4336
5563 5201
5563 5332
5563 5351
5563 5375
5563 5381
5563 5563
5563 5802
5563 5893
5563 6082
5563 6090
5563 6716
5563 6855
5563 6865
5563 6903
5563 6995
5563 7265
5563 7325
5563 7546
5563 7633
5563 8313
5563 8724
5563 8876
5802 205
5802 417
5802 468
5802 978
5802 1026
5802 1118
5802 1447
5802 1537
5802 1542
5802 1938
5802 1974
5802 1990
5802 2483
5802 2713
5802 2893
5802 2955
5802 3153
5802 3365
5802 3926
5802 3974
5802 4066
5802 4336
5802 5201
5802 5332
5802 5351
5802 5375
5802 5381
5802 5563
5802 5802
5802 5893
5802 6082
5802 6090
5802 6716
5802 6855
5802 6865
5802 6903
5802 6995
5802 7265
5802 7325
5802 7546
5802 7633
5802 8313
5802 8724
5802 8876
5893 205
5893 417
5893 468
5893 978
5893 1026
5893 1118
5893 1447
5893 1537
5893 1542
5893 1938
5893 1974
5893 1990
5893 2483
5893 2713
5893 2893
5893 2955
5893 3153
5893 3365
5893 3926
5893 3974
5893 4066
5893 4336
5893 5201
5893 5332
5893 5351
5893 5375
5893 5381
5893 5563
5893 5802
5893 5893
5893 6082
5893 6090
5893 6716
5893 6855
5893 6865
5893 6903
5893 6995
5893 7265
5893 7325
5893 7546
5893 7633
5893 8313
5893 8724
5893 8876
6082 205
6082 417
6082 468
6082 978
6082 1026
6082 1118
6082 1447
6082 1537
6082 1542
6082 1938
6082 1974
6082 1990
6082 2483
6082 2713
6082 2893
6082 2955
6082 3153
6082 3365
6082 3926
6082 3974
6082 4066
6082 4336
6082 5201
6082 5332
6082 5351
6082 5375
6082 5381
6082 5563
6082 5802
6082 5893
6082 6082
6082 6090
6082 6716
6082 6855
6082 6865
6082 6903
6082 6995
6082 7265
6082 7325
6082 7546
6082 7633
6082 8313
6082 8724
6082 8876
6090 205
6090 417
6090 468
6090 978
6090 1026
6090 1118
6090 1447
6090 1537
6090 1542
6090 1938
6090 1974
6090 1990
6090 2483
6090 2713
6090 2893
6090 2955
6090 3153
6090 3365
6090 3926
6090 3974
6090 4066
6090 4336
6090 5201
6090 5332
6090 5351
6090 5375
6090 5381
6090 5563
6090 5802
6090 5893
6090 6082
6090 6090
6090 6716
6090 6855
6090 6865
6090 6903
6090 6995
6090 7265
6090 7325
6090 7546
6090 7633
6090 8313
6090 8724
6090 8876
6716 205
6716 417
6716 468
6716 978
6716 1026
6716 1118
6716 1447
6716 1537
6716 1542
6716 1938
6716 1974
6716 1990
6716 2483
6716 2713
6716 2893
6716 2955
6716 3153
6716 3365
6716 3926
6716 3974
6716 4066
6716 4336
6716 5201
6716 5332
6716 5351
6716 5375
6716 5381
6716 5563
6716 5802
6716 5893
6716 6082
6716 6090
6716 6716
6716 6855
6716 6865
6716 6903
6716 6995
6716 7265
6716 7325
6716 7546
6716 7633
6716 8313
6716 8724
6716 8876
6855 205
6855 417
6855 468
6855 978
6855 1026
6855 1118
6855 1447
6855 1537
6855 1542
6855 1938
6855 1974
6855 1990
6855 2483
6855 2713
6855 2893
6855 2955
6855 3153
6855 3365
6855 3926
6855 3974
6855 4066
6855 4336
6855 5201
6855 5332
6855 5351
6855 5375
6855 5381
6855 5563
6855 5802
6855 5893
6855 6082
6855 6090
6855 6716
6855 6855
6855 6865
6855 6903
6855 6995
6855 7265
6855 7325
6855 7546
6855 7633
6855 8313
6855 8724
6855 8876
6865 205
6865 417
6865 468
6865 978
6865 1026
6865 1118
6865 1447
6865 1537
6865 1542
6865 1938
6865 1974
6865 1990
6865 2483
6865 2713
6865 2893
6865 2955
6865 3153
6865 3365
6865 3926
6865 3974
6865 4066
6865 4336
6865 5201
6865 5332
6865 5351
6865 5375
6865 5381
6865 5563
6865 5802
6865 5893
6865 6082
6865 6090
6865 6716
6865 6855
6865 6865
6865 6903
6865 6995
6865 7265
6865 7325
6865 7546
6865 7633
6865 8313
6865 8724
6865 8876
6903 205
6903 417
6903 468
6903 978
6903 1026
6903 1118
6903 1447
6903 1537
6903 1542
6903 1938
6903 1974
6903 1990
6903 2483
6903 2713
6903 2893
6903 2955
6903 3153
6903 3365
6903 3926
6903 3974
6903 4066
6903 4336
6903 5201
6903 5332
6903 5351
6903 5375
6903 5381
6903 5563
6903 5802
6903 5893
6903 6082
6903 6090
6903 6716
6903 6855
6903 6865
6903 6903
6903 6995
6903 7265
6903 7325
6903 7546
6903 7633
6903 8313
6903 8724
6903 8876
6995 205
6995 417
6995 468
6995 978
6995 1026
6995 1118
6995 1447
6995 1537
6995 1542
6995 1938
6995 1974
6995 1990
6995 2483
6995 2713
6995 2893
6995 2955
6995 3153
6995 3365
6995 3926
6995 3974
6995 4066
6995 4336
6995 5201
6995 5332
6995 5351
6995 5375
6995 5381
6995 5563
6995 5802
6995 5893
6995 6082
6995 6090
6995 6716
6995 6855
6995 6865
6995 6903
6995 6995
6995 7265
6995 7325
6995 7546
6995 7633
6995 8313
6995 8724
6995 8876
7265 205
7265 417
7265 468
7265 978
7265 1026
7265 1118
7265 1447
7265 1537
7265 1542
7265 1938
7265 1974
7265 1990
7265 2483
7265 2713
7265 2893
7265 2955
7265 3153
7265 3365
7265 3926
7265 3974
7265 4066
7265 4336
7265 5201
7265 5332
7265 5351
7265 5375
7265 5381
7265 5563
7265 5802
7265 5893
7265 6082
7265 6090
7265 6716
7265 6855
7265 6865
7265 6903
7265 6995
7265 7265
7265 7325
7265 7546
7265 7633
7265 8313
7265 8724
7265 8876
7325 205
7325 417
7325 468
7325 978
7325 1026
7325 1118
7325 1447
7325 1537
7325 1542
7325 1938
7325 1974
7325 1990
7325 2483
7325 2713
7325 2893
7325 2955
7325 3153
7325 3365
7325 3926
7325 3974
7325 4066
7325 4336
7325 5201
7325 5332
7325 5351
7325 5375
7325 5381
7325 5563
7325 5802
7325 5893
7325 6082
7325 6090
7325 6716
7325 6855
7325 6865
7325 6903
7325 6995
7325 7265
7325 7325
7325 7546
7325 7633
7325 8313
7325 8724
7325 8876
7546 205
7546 417
7546 468
7546 978
7546 1026
7546 1118
7546 1447
7546 1537
7546 1542
7546 1938
7546 1974
7546 1990
7546 2483
7546 2713
7546 2893
7546 2955
7546 3153
7546 3365
7546 3926
7546 3974
7546 4066
7546 4336
7546 5201
7546 5332
7546 5351
7546 5375
7546 5381
7546 5563
7546 5802
7546 5893
7546 6082
7546 6090
7546 6716
7546 6855
7546 6865
7546 6903
7546 6995
7546 7265
7546 7325
7546 7546
7546 7633
7546 8313
7546 8724
7546 8876
7633 205
7633 417
7633 468
7633 978
7633 1026
7633 1118
7633 1447
7633 1537
7633 1542
7633 1938
7633 1974
7633 1990
7633 2483
7633 2713
7633 2893
7633 2955
7633 3153
7633 3365
7633 3926
7633 3974
7633 4066
7633 4336
7633 5201
7633 5332
7633 5351
7633 5375
7633 5381
7633 5563
7633 5802
7633 5893
7633 6082
7633 6090
7633 6716
7633 6855
7633 6865
7633 6903
7633 6995
7633 7265
7633 7325
7633 7546
7633 7633
7633 8313
7633 8724
7633 8876
8313 205
8313 417
8313 468
8313 978
8313 1026
8313 1118
8313 1447
8313 1537
8313 1542
8313 1938
8313 1974
8313 1990
8313 2483
8313 2713
8313 2893
8313 2955
8313 3153
8313 3365
8313 3926
8313 3974
8313 4066
8313 4336
8313 5201
8313 5332
8313 5351
8313 5375
8313 5381
8313 5563
8313 5802
8313 5893
8313 6082
8313 6090
8313 6716
8313 6855
8313 6865
8313 6903
8313 6995
8313 7265
8313 7325
8313 7546
8313 7633
8313 8313
8313 8724
8313 8876
8724 205
8724 417
8724 468
8724 978
8724 1026
8724 1118
8724 1447
8724 1537
8724 1542
8724 1938
8724 1974
8724 1990
8724 2483
8724 2713
8724 2893
8724 2955
8724 3153
8724 3365
8724 3926
8724 3974
8724 4066
8724 4336
8724 5201
8724 5332
8724 5351
8724 5375
8724 5381
8724 5563
8724 5802
8724 5893
8724 6082
8724 6090
8724 6716
8724 6855
8724 6865
8724 6903
8724 6995
8724 7265
8724 7325
8724 7546
8724 7633
8724 8313
8724 8724
8724 8876
8876 205
8876 417
8876 468
8876 978
8876 1026
8876 1118
8876 1447
8876 1537
8876 1542
8876 1938
8876 1974
8876 1990
8876 2483
8876 2713
8876 2893
8876 2955
8876 3153
8876 3365
8876 3926
8876 3974
8876 4066
8876 4336
8876 5201
8876 5332
8876 5351
8876 5375
8876 5381
8876 5563
8876 5802
8876 5893
8876 6082
8876 6090
8876 6716
8876 6855
8876 6865
8876 6903
8876 6995
8876 7265
8876 7325
8876 7546
8876 7633
8876 8313
8876 8724
8876 8876
205 205
205 417
205 468
205 978
205 1026
205 1118
205 1447
205 1537
205 1542
205 1938
205 1974
205 1990
205 2483
205 2713
205 2893
205 2955
205 3153
205 3365
205 3926
205 3974
205 4066
205 4336
205 5201
205 5332
205 5351
205 5375
205 5381
205 5563
205 5802
205 5893
205 6082
205 6090
205 6716
205 6855
205 6865
205 6903
205 6995
205 7265
205 7325
205 7546
205 7633
205 8313
205 8724
205 8876
417 205
417 417
417 468
417 978
417 1026
417 1118
417 1447
417 1537
417 1542
417 1938
417 1974
417 1990
417 2483
417 2713
417 2893
417 2955
417 3153
417 3365
417 3926
417 3974
417 4066
417 4336
417 5201
417 5332
417 5351
417 5375
417 5381
417 5563
417 5802
417 5893
417 6082
417 6090
417 6716
417 6855
417 6865
417 6903
417 6995
417 7265
417 7325
417 7546
417 7633
417 8313
417 8724
417 8876
468 205
468 417
468 468
468 978
468 1026
468 1118
468 1447
468 1537
468 1542
468 1938
468 1974
468 1990
468 2483
468 2713
468 2893
468 2955
468 3153
468 3365
468 3926
468 3974
468 4066
468 4336
468 5201
468 5332
468 5351
468 5375
468 5381
468 5563
468 5802
468 5893
468 6082
468 6090
468 6716
468 6855
468 6865
468 6903
468 6995
468 7265
468 7325
468 7546
468 7633
468 8313
468 8724
468 8876
978 205
978 417
978 468
978 978
978 1026
978 1118
978 1447
978 1537
978 1542
978 1938
978 1974
978 1990
978 2483
978 2713
978 2893
978 2955
978 3153
978 3365
978 3926
978 3974
978 4066
978 4336
978 5201
978 5332
978 5351
978 5375
978 5381
978 5563
978 5802
978 5893
978 6082
978 6090
978 6716
978 6855
978 6865
978 6903
978 6995
978 7265
978 7325
978 7546
978 7633
978 8313
978 8724
978 8876
1026 205
1026 417
1026 468
1026 978
1026 1026
1026 1118
1026 1447
1026 1537
1026 1542
1026 1938
1026 1974
1026 1990
1026 2483
1026 2713
1026 2893
1026 2955
1026 3153
1026 3365
1026 3926
1026 3974
1026 4066
1026 4336
1026 5201
1026 5332
1026 5351
1026 5375
1026 5381
1026 5563
1026 5802
1026 5893
1026 6082
1026 6090
1026 6716
1026 6855
1026 6865
1026 6903
1026 6995
1026 7265
1026 7325
1026 7546
1026 7633
1026 8313
1026 8724
1026 8876
1118 205
1118 417
1118 468
1118 978
1118 1026
1118 1118
1118 1447
1118 1537
1118 1542
1118 1938
1118 1974
1118 1990
1118 2483
1118 2713
1118 2893
1118 2955
1118 3153
1118 3365
1118 3926
1118 3974
1118 4066
1118 4336
1118 5201
1118 5332
1118 5351
1118 5375
1118 5381
1118 5563
1118 5802
1118 5893
1118 6082
1118 6090
1118 6716
1118 6855
1118 6865
1118 6903
1118 6995
1118 7265
1118 7325
1118 7546
1118 7633
1118 8313
1118 8724
1118 8876
1447 205
1447 417
1447 468
1447 978
1447 1026
1447 1118
1447 1447
1447 1537
1447 1542
1447 1938
1447 1974
1447 1990
1447 2483
1447 2713
1447 2893
1447 2955
1447 3153
1447 3365
1447 3926
1447 3974
1447 4066
1447 4336
1447 5201
1447 5332
1447 5351
1447 5375
1447 5381
1447 5563
1447 5802
1447 5893
1447 6082
1447 6090
1447 6716
1447 6855
1447 6865
1447 6903
1447 6995
1447 7265
1447 7325
1447 7546
1447 7633
1447 8313
1447 8724
1447 8876
1537 205
1537 417
1537 468
1537 978
1537 1026
1537 1118
1537 1447
1537 1537
1537 1542
1537 1938
1537 1974
1537 1990
1537 2483
1537 2713
1537 2893
1537 2955
1537 3153
1537 3365
1537 3926
1537 3974
1537 4066
1537 4336
1537 5201
1537 5332
1537 5351
1537 5375
1537 5381
1537 5563
1537 5802
1537 5893
1537 6082
1537 6090
1537 6716
1537 6855
1537 6865
1537 6903
1537 6995
1537 7265
1537 7325
1537 7546
1537 7633
1537 8313
1537 8724
1537 8876
1542 205
1542 417
1542 468
1542 978
1542 1026
1542 1118
1542 1447
1542 1537
1542 1542
1542 1938
1542 1974
1542 1990
1542 2483
1542 2713
1542 2893
1542 2955
1542 3153
1542 3365
1542 3926
1542 3974
1542 4066
1542 4336
1542 5201
1542 5332
1542 5351
1542 5375
1542 5381
1542 5563
1542 5802
1542 5893
1542 6082
1542 6090
1542 6716
1542 6855
1542 6865
1542 6903
1542 6995
1542 7265
1542 7325
1542 7546
1542 7633
1542 8313
1542 8724
1542 8876
1938 205
1938 417
1938 468
1938 978
1938 1026
1938 1118
1938 1447
1938 1537
1938 1542
1938 1938
1938 1974
1938 1990
1938 2483
1938 2713
1938 2893
1938 2955
1938 3153
1938 3365
1938 3926
1938 3974
1938 4066
1938 4336
1938 5201
1938 5332
1938 5351
1938 5375
1938 5381
1938 5563
1938 5802
1938 5893
1938 6082
1938 6090
1938 6716
1938 6855
1938 6865
1938 6903
1938 6995
1938 7265
1938 7325
1938 7546
1938 7633
1938 8313
1938 8724
1938 8876
1974 205
1974 417
1974 468
1974 978
1974 1026
1974 1118
1974 1447
1974 1537
1974 1542
1974 1938
1974 1974
1974 1990
1974 2483
1974 2713
1974 2893
1974 2955
1974 3153
1974 3365
1974 3926
1974 3974
1974 4066
1974 4336
1974 5201
1974 5332
1974 5351
1974 5375
1974 5381
1974 5563
1974 5802
1974 5893
1974 6082
1974 6090
1974 6716
1974 6855
1974 6865
1974 6903
1974 6995
1974 7265
1974 7325
1974 7546
1974 7633
1974 8313
1974 8724
1974 8876
1990 205
1990 417
1990 468
1990 978
1990 1026
1990 1118
1990 1447
1990 1537
1990 1542
1990 1938
1990 1974
1990 1990
1990 2483
1990 2713
1990 2893
1990 2955
1990 3153
1990 3365
1990 3926
1990 3974
1990 4066
1990 4336
1990 5201
1990 5332
1990 5351
1990 5375
1990 5381
1990 5563
1990 5802
1990 5893
1990 6082
1990 6090
1990 6716
1990 6855
1990 6865
1990 6903
1990 6995
1990 7265
1990 7325
1990 7546
1990 7633
1990 8313
1990 8724
1990 8876
2483 205
2483 417
2483 468
2483 978
2483 1026
2483 1118
2483 1447
2483 1537
2483 1542
2483 1938
2483 1974
2483 1990
2483 2483
2483 2713
2483 2893
2483 2955
2483 3153
2483 3365
2483 3926
2483 3974
2483 4066
2483 4336
2483 5201
2483 5332
2483 5351
2483 5375
2483 5381
2483 5563
2483 5802
2483 5893
2483 6082
2483 6090
2483 6716
2483 6855
2483 6865
2483 6903
2483 6995
2483 7265
2483 7325
2483 7546
2483 7633
2483 8313
2483 8724
2483 8876
2713 205
2713 417
2713 468
2713 978
2713 1026
2713 1118
2713 1447
2713 1537
2713 1542
2713 1938
2713 1974
2713 1990
2713 2483
2713 2713
2713 2893
2713 2955
2713 3153
2713 3365
2713 3926
2713 3974
2713 4066
2713 4336
2713 5201
2713 5332
2713 5351
2713 5375
2713 5381
2713 5563
2713 5802
2713 5893
2713 6082
2713 6090
2713 6716
2713 6855
2713 6865
2713 6903
2713 6995
2713 7265
2713 7325
2713 7546
2713 7633
2713 8313
2713 8724
2713 8876
2893 205
2893 417
2893 468
2893 978
2893 1026
2893 1118
2893 1447
2893 1537
2893 1542
2893 1938
2893 1974
2893 1990
2893 2483
2893 2713
2893 2893
2893 2955
2893 3153
2893 3365
2893 3926
2893 3974
2893 4066
2893 4336
2893 5201
2893 5332
2893 5351
2893 5375
2893 5381
2893 5563
2893 5802
2893 5893
2893 6082
2893 6090
2893 6716
2893 6855
2893 6865
2893 6903
2893 6995
2893 7265
2893 7325
2893 7546
2893 7633
2893 8313
2893 8724
2893 8876
2955 205
2955 417
2955 468
2955 978
2955 1026
2955 1118
2955 1447
2955 1537
2955 1542
2955 1938
2955 1974
2955 1990
2955 2483
2955 2713
2955 2893
2955 2955
2955 3153
2955 3365
2955 3926
2955 3974
2955 4066
2955 4336
2955 5201
2955 5332
2955 5351
2955 5375
2955 5381
2955 5563
2955 5802
2955 5893
2955 6082
2955 6090
2955 6716
2955 6855
2955 6865
2955 6903
2955 6995
2955 7265
2955 7325
2955 7546
2955 7633
2955 8313
2955 8724
2955 8876
3153 205
3153 417
3153 468
3153 978
3153 1026
3153 1118
3153 1447
3153 1537
3153 1542
3153 1938
3153 1974
3153 1990
3153 2483
3153 2713
3153 2893
3153 2955
3153 3153
3153 3365
3153 3926
3153 3974
3153 4066
3153 4336
3153 5201
3153 5332
3153 5351
3153 5375
3153 5381
3153 5563
3153 5802
3153 5893
3153 6082
3153 6090
3153 6716
3153 6855
3153 6865
3153 6903
3153 6995
3153 7265
3153 7325
3153 7546
3153 7633
3153 8313
3153 8724
3153 8876
3365 205
3365 417
3365 468
3365 978
3365 1026
3365 1118
3365 1447
3365 1537
3365 1542
3365 1938
3365 1974
3365 1990
3365 2483
3365 2713
3365 2893
3365 2955
3365 3153
3365 3365
3365 3926
3365 3974
3365 4066
3365 4336
3365 5201
3365 5332
3365 5351
3365 5375
3365 5381
3365 5563
3365 5802
3365 5893
3365 6082
3365 6090
3365 6716
3365 6855
3365 6865
3365 6903
3365 6995
3365 7265
3365 7325
3365 7546
3365 7633
3365 8313
3365 8724
3365 8876
3926 205
3926 417
3926 468
3926 978
3926 1026
3926 1118
3926 1447
3926 1537
3926 1542
3926 1938
3926 1974
3926 1990
3926 2483
3926 2713
3926 2893
3926 2955
3926 3153
3926 3365
3926 3926
3926 3974
3926 4066
3926 4336
3926 5201
3926 5332
3926 5351
3926 5375
3926 5381
3926 5563
3926 5802
3926 5893
3926 6082
3926 6090
3926 6716
3926 6855
3926 6865
3926 6903
3926 6995
3926 7265
3926 7325
3926 7546
3926 7633
3926 8313
3926 8724
3926 8876
3974 205
3974 417
3974 468
3974 978
3974 1026
3974 1118
3974 1447
3974 1537
3974 1542
3974 1938
3974 1974
3974 1990
3974 2483
3974 2713
3974 2893
3974 2955
3974 3153
3974 3365
3974 3926
3974 3974
3974 4066
3974 4336
3974 5201
3974 5332
3974 5351
3974 5375
3974 5381
3974 5563
3974 5802
3974 5893
3974 6082
3974 6090
3974 6716
3974 6855
3974 6865
3974 6903
3974 6995
3974 7265
3974 7325
3974 7546
3974 7633
3974 8313
3974 8724
3974 8876
4066 205
4066 417
4066 468
4066 978
4066 1026
4066 1118
4066 1447
4066 1537
4066 1542
4066 1938
4066 1974
4066 1990
4066 2483
4066 2713
4066 2893
4066 2955
4066 3153
4066 3365
4066 3926
4066 3974
4066 4066
4066 4336
4066 5201
4066 5332
4066 5351
4066 5375
4066 5381
4066 5563
4066 5802
4066 5893
4066 6082
4066 6090
4066 6716
4066 6855
4066 6865
4066 6903
4066 6995
4066 7265
4066 7325
4066 7546
4066 7633
4066 8313
4066 8724
4066 8876
4336 205
4336 417
4336 468
4336 978
4336 1026
4336 1118
4336 1447
4336 1537
4336 1542
4336 1938
4336 1974
4336 1990
4336 2483
4336 2713
4336 2893
4336 2955
4336 3153
4336 3365
4336 3926
4336 3974
4336 4066
4336 4336
4336 5201
4336 5332
4336 5351
4336 5375
4336 5381
4336 5563
4336 5802
4336 5893
4336 6082
4336 6090
4336 6716
4336 6855
4336 6865
4336 6903
4336 6995
4336 7265
4336 7325
4336 7546
4336 7633
4336 8313
4336 8724
4336 8876
5201 205
5201 417
5201 468
5201 978
5201 1026
5201 1118
5201 1447
5201 1537
5201 1542
5201 1938
5201 1974
5201 1990
5201 2483
5201 2713
5201 2893
5201 2955
5201 3153
5201 3365
5201 3926
5201 3974
5201 4066
5201 4336
5201 5201
5201 5332
5201 5351
5201 5375
5201 5381
5201 5563
5201 5802
5201 5893
5201 6082
5201 6090
5201 6716
5201 6855
5201 6865
5201 6903
5201 6995
5201 7265
5201 7325
5201 7546
5201 7633
5201 8313
5201 8724
5201 8876
5332 205
5332 417
5332 468
5332 978
5332 1026
5332 1118
5332 1447
5332 1537
5332 1542
5332 1938
5332 1974
5332 1990
5332 2483
5332 2713
5332 2893
5332 2955
5332 3153
5332 3365
5332 3926
5332 3974
5332 4066
5332 4336
5332 5201
5332 5332
5332 5351
5332 5375
5332 5381
5332 5563
5332 5802
5332 5893
5332 6082
5332 6090
5332 6716
5332 6855
5332 6865
5332 6903
5332 6995
5332 7265
5332 7325
5332 7546
5332 7633
5332 8313
5332 8724
5332 8876
5351 205
5351 417
5351 468
5351 978
5351 1026
5351 1118
5351 1447
5351 1537
5351 1542
5351 1938
5351 1974
5351 1990
5351 2483
5351 2713
5351 2893
5351 2955
5351 3153
5351 3365
5351 3926
5351 3974
5351 4066
5351 4336
5351 5201
5351 5332
5351 5351
5351 5375
5351 5381
5351 5563
5351 5802
5351 5893
5351 6082
5351 6090
5351 6716
5351 6855
5351 6865
5351 6903
5351 6995
5351 7265
5351 7325
5351 7546
5351 7633
5351 8313
5351 8724
5351 8876
5375 205
5375 417
5375 468
5375 978
5375 1026
5375 1118
5375 1447
5375 1537
5375 1542
5375 1938
5375 1974
5375 1990
5375 2483
5375 2713
5375 2893
5375 2955
5375 3153
5375 3365
5375 3926
5375 3974
5375 4066
5375 4336
5375 5201
5375 5332
5375 5351
5375 5375
5375 5381
5375 5563
5375 5802
5375 5893
5375 6082
5375 6090
5375 6716
5375 6855
5375 6865
5375 6903
5375 6995
5375 7265
5375 7325
5375 7546
5375 7633
5375 8313
5375 8724
5375 8876
5381 205
5381 417
5381 468
5381 978
5381 1026
5381 1118
5381 1447
5381 1537
5381 1542
5381 1938
5381 1974
5381 1990
5381 2483
5381 2713
5381 2893
5381 2955
5381 3153
5381 3365
5381 3926
5381 3974
5381 4066
5381 4336
5381 5201
5381 5332
5381 5351
5381 5375
5381 5381
5381 5563
5381 5802
5381 5893
5381 6082
5381 6090
5381 6716
5381 6855
5381 6865
5381 6903
5381 6995
5381 7265
5381 7325
5381 7546
5381 7633
5381 8313
5381 8724
5381 8876
5563 205
5563 417
5563 468
5563 978
5563 1026
5563 1118
5563 1447
5563 1537
5563 1542
5563 1938
5563 1974
5563 1990
5563 2483
5563 2713
5563 2893
5563 2955
5563 3153
5563 3365
5563 3926
5563 3974
5563 4066
5563 4336
5563 5201
5563 5332
5563 5351
5563 5375
5563 5381
5563 5563
5563 5802
5563 5893
5563 6082
5563 6090
5563 6716
5563 6855
5563 6865
5563 6903
5563 6995
5563 7265
5563 7325
5563 7546
5563 7633
5563 8313
5563 8724
5563 8876
5802 205
5802 417
5802 468
5802 978
5802 1026
5802 1118
5802 1447
5802 1537
5802 1542
5802 1938
5802 1974
5802 1990
5802 2483
5802 2713
5802 2893
5802 2955
5802 3153
5802 3365
5802 3926
5802 3974
5802 4066
5802 4336
5802 5201
5802 5332
5802 5351
5802 5375
5802 5381
5802 5563
5802 5802
5802 5893
5802 6082
5802 6090
5802 6716
5802 6855
5802 6865
5802 6903
5802 6995
5802 7265
5802 7325
5802 7546
5802 7633
5802 8313
5802 8724
5802 8876
5893 205
5893 417
5893 468
5893 978
5893 1026
5893 1118
5893 1447
5893 1537
5893 1542
5893 1938
5893 1974
5893 1990
5893 2483
5893 2713
5893 2893
5893 2955
5893 3153
5893 3365
5893 3926
5893 3974
5893 4066
5893 4336
5893 5201
5893 5332
5893 5351
5893 5375
5893 5381
5893 5563
5893 5802
5893 5893
5893 6082
5893 6090
5893 6716
5893 6855
5893 6865
5893 6903
5893 6995
5893 7265
5893 7325
5893 7546
5893 7633
5893 8313
5893 8724
5893 8876
6082 205
6082 417
6082 468
6082 978
6082 1026
6082 1118
6082 1447
6082 1537
6082 1542
6082 1938
6082 1974
6082 1990
6082 2483
6082 2713
6082 2893
6082 2955
6082 3153
6082 3365
6082 3926
6082 3974
6082 4066
6082 4336
6082 5201
6082 5332
6082 5351
6082 5375
6082 5381
6082 5563
6082 5802
6082 5893
6082 6082
6082 6090
6082 6716
6082 6855
6082 6865
6082 6903
6082 6995
6082 7265
6082 7325
6082 7546
6082 7633
6082 8313
6082 8724
6082 8876
6090 205
6090 417
6090 468
6090 978
6090 1026
6090 1118
6090 1447
6090 1537
6090 1542
6090 1938
6090 1974
6090 1990
6090 2483
6090 2713
6090 2893
6090 2955
6090 3153
6090 3365
6090 3926
6090 3974
6090 4066
6090 4336
6090 5201
6090 5332
6090 5351
6090 5375
6090 5381
6090 5563
6090 5802
6090 5893
6090 6082
6090 6090
6090 6716
6090 6855
6090 6865
6090 6903
6090 6995
6090 7265
6090 7325
6090 7546
6090 7633
6090 8313
6090 8724
6090 8876
6716 205
6716 417
6716 468
6716 978
6716 1026
6716 1118
6716 1447
6716 1537
6716 1542
6716 1938
6716 1974
6716 1990
6716 2483
6716 2713
6716 2893
6716 2955
6716 3153
6716 3365
6716 3926
6716 3974
6716 4066
6716 4336
6716 5201
6716 5332
6716 5351
6716 5375
6716 5381
6716 5563
6716 5802
6716 5893
6716 6082
6716 6090
6716 6716
6716 6855
6716 6865
6716 6903
6716 6995
6716 7265
6716 7325
6716 7546
6716 7633
6716 8313
6716 8724
6716 8876
6855 205
6855 417
6855 468
6855 978
6855 1026
6855 1118
6855 1447
6855 1537
6855 1542
6855 1938
6855 1974
6855 1990
6855 2483
6855 2713
6855 2893
6855 2955
6855 3153
6855 3365
6855 3926
6855 3974
6855 4066
6855 4336
6855 5201
6855 5332
6855 5351
6855 5375
6855 5381
6855 5563
6855 5802
6855 5893
6855 6082
6855 6090
6855 6716
6855 6855
6855 6865
6855 6903
6855 6995
6855 7265
6855 7325
6855 7546
6855 7633
6855 8313
6855 8724
6855 8876
6865 205
6865 417
6865 468
6865 978
6865 1026
6865 1118
6865 1447
6865 1537
6865 1542
6865 1938
6865 1974
6865 1990
6865 2483
6865 2713
6865 2893
6865 2955
6865 3153
6865 3365
6865 3926
6865 3974
6865 4066
6865 4336
6865 5201
6865 5332
6865 5351
6865 5375
6865 5381
6865 5563
6865 5802
6865 5893
6865 6082
6865 6090
6865 6716
6865 6855
6865 6865
6865 6903
6865 6995
6865 7265
6865 7325
6865 7546
6865 7633
6865 8313
6865 8724
6865 8876
6903 205
6903 417
6903 468
6903 978
6903 1026
6903 1118
6903 1447
6903 1537
6903 1542
6903 1938
6903 1974
6903 1990
6903 2483
6903 2713
6903 2893
6903 2955
6903 3153
6903 3365
6903 3926
6903 3974
6903 4066
6903 4336
6903 5201
6903 5332
6903 5351
6903 5375
6903 5381
6903 5563
6903 5802
6903 5893
6903 6082
6903 6090
6903 6716
6903 6855
6903 6865
6903 6903
6903 6995
6903 7265
6903 7325
6903 7546
6903 7633
6903 8313
6903 8724
6903 8876
6995 205
6995 417
6995 468
6995 978
6995 1026
6995 1118
6995 1447
6995 1537
6995 1542
6995 1938
6995 1974
6995 1990
6995 2483
6995 2713
6995 2893
6995 2955
6995 3153
6995 3365
6995 3926
6995 3974
6995 4066
6995 4336
6995 5201
6995 5332
6995 5351
6995 5375
6995 5381
6995 5563
6995 5802
6995 5893
6995 6082
6995 6090
6995 6716
6995 6855
6995 6865
6995 6903
6995 6995
6995 7265
6995 7325
6995 7546
6995 7633
6995 8313
6995 8724
6995 8876
7265 205
7265 417
7265 468
7265 978
7265 1026
7265 1118
7265 1447
7265 1537
7265 1542
7265 1938
7265 1974
7265 1990
7265 2483
7265 2713
7265 2893
7265 2955
7265 3153
7265 3365
7265 3926
7265 3974
7265 4066
7265 4336
7265 5201
7265 5332
7265 5351
7265 5375
7265 5381
7265 5563
7265 5802
7265 5893
7265 6082
7265 6090
7265 6716
7265 6855
7265 6865
7265 6903
7265 6995
7265 7265
7265 7325
7265 7546
7265 7633
7265 8313
7265 8724
7265 8876
7325 205
7325 417
7325 468
7325 978
7325 1026
7325 1118
7325 1447
7325 1537
7325 1542
7325 1938
7325 1974
7325 1990
7325 2483
7325 2713
7325 2893
7325 2955
7325 3153
7325 3365
7325 3926
7325 3974
7325 4066
7325 4336
7325 5201
7325 5332
7325 5351
7325 5375
7325 5381
7325 5563
7325 5802
7325 5893
7325 6082
7325 6090
7325 6716
7325 6855
7325 6865
7325 6903
7325 6995
7325 7265
7325 7325
7325 7546
7325 7633
7325 8313
7325 8724
7325 8876
7546 205
7546 417
7546 468
7546 978
7546 1026
7546 1118
7546 1447
7546 1537
7546 1542
7546 1938
7546 1974
7546 1990
7546 2483
7546 2713
7546 2893
7546 2955
7546 3153
7546 3365
7546 3926
7546 3974
7546 4066
7546 4336
7546 5201
7546 5332
7546 5351
7546 5375
7546 5381
7546 5563
7546 5802
7546 5893
7546 6082
7546 6090
7546 6716
7546 6855
7546 6865
7546 6903
7546 6995
7546 7265
7546 7325
7546 7546
7546 7633
7546 8313
7546 8724
7546 8876
7633 205
7633 417
7633 468
7633 978
7633 1026
7633 1118
7633 1447
7633 1537
7633 1542
7633 1938
7633 1974
7633 1990
7633 2483
7633 2713
7633 2893
7633 2955
7633 3153
7633 3365
7633 3926
7633 3974
7633 4066
7633 4336
7633 5201
7633 5332
7633 5351
7633 5375
7633 5381
7633 5563
7633 5802
7633 5893
7633 6082
7633 6090
7633 6716
7633 6855
7633 6865
7633 6903
7633 6995
7633 7265
7633 7325
7633 7546
7633 7633
7633 8313
7633 8724
7633 8876
8313 205
8313 417
8313 468
8313 978
8313 1026
8313 1118
8313 1447
8313 1537
8313 1542
8313 1938
8313 1974
8313 1990
8313 2483
8313 2713
8313 2893
8313 2955
8313 3153
8313 3365
8313 3926
8313 3974
8313 4066
8313 4336
8313 5201
8313 5332
8313 5351
8313 5375
8313 5381
8313 5563
8313 5802
8313 5893
8313 6082
8313 6090
8313 6716
8313 6855
8313 6865
8313 6903
8313 6995
8313 7265
8313 7325
8313 7546
8313 7633
8313 8313
8313 8724
8313 8876
8724 205
8724 417
8724 468
8724 978
8724 1026
8724 1118
8724 1447
8724 1537
8724 1542
8724 1938
8724 1974
8724 1990
8724 2483
8724 2713
8724 2893
8724 2955
8724 3153
8724 3365
8724 3926
8724 3974
8724 4066
8724 4336
8724 5201
8724 5332
8724 5351
8724 5375
8724 5381
8724 5563
8724 5802
8724 5893
8724 6082
8724 6090
8724 6716
8724 6855
8724 6865
8724 6903
8724 6995
8724 7265
8724 7325
8724 7546
8724 7633
8724 8313
8724 8724
8724 8876
8876 205
8876 417
8876 468
8876 978
8876 1026
8876 1118
8876 1447
8876 1537
8876 1542
8876 1938
8876 1974
8876 1990
8876 2483
8876 2713
8876 2893
8876 2955
8876 3153
8876 3365
8876 3926
8876 3974
8876 4066
8876 4336
8876 5201
8876 5332
8876 5351
8876 5375
8876 5381
8876 5563
8876 5802
8876 5893
8876 6082
8876 6090
8876 6716
8876 6855
8876 6865
8876 6903
8876 6995
8876 7265
8876 7325
8876 7546
8876 7633
8876 8313
8876 8724
8876 8876
205 205
205 417
205 468
205 978
205 1026
205 1118
205 1447
205 1537
205 1542
205 1938
205 1974
205 1990
205 2483
205 2713
205 2893
205 2955
205 3153
205 3365
205 3926
205 3974
205 4066
205 4336
205 5201
205 5332
205 5351
205 5375
205 5381
205 5563
205 5802
205 5893
205 6082
205 6090
205 6716
205 6855
205 6865
205 6903
205 6995
205 7265
205 7325
205 7546
205 7633
205 8313
205 8724
205 8876
417 205
417 417
417 468
417 978
417 1026
417 1118
417 1447
417 1537
417 1542
417 1938
417 1974
417 1990
417 2483
417 2713
417 2893
417 2955
417 3153
417 3365
417 3926
417 3974
417 4066
417 4336
417 5201
417 5332
417 5351
417 5375
417 5381
417 5563
417 5802
417 5893
417 6082
417 6090
417 6716
417 6855
417 6865
417 6903
417 6995
417 7265
417 7325
417 7546
417 7633
417 8313
417 8724
417 8876
468 205
468 417
468 468
468 978
468 1026
468 1118
468 1447
468 1537
468 1542
468 1938
468 1974
468 1990
468 2483
468 2713
468 2893
468 2955
468 3153
468 3365
468 3926
468 3974
468 4066
468 4336
468 5201
468 5332
468 5351
468 5375
468 5381
468 5563
468 5802
468 5893
468 6082
468 6090
468 6716
468 6855
468 6865
468 6903
468 6995
468 7265
468 7325
468 7546
468 7633
468 8313
468 8724
468 8876
978 205
978 417
978 468
978 978
978 1026
978 1118
978 1447
978 1537
978 1542
978 1938
978 1974
978 1990
978 2483
978 2713
978 2893
978 2955
978 3153
978 3365
978 3926
978 3974
978 4066
978 4336
978 5201
978 5332
978 5351
978 5375
978 5381
978 5563
978 5802
978 5893
978 6082
978 6090
978 6716
978 6855
978 6865
978 6903
978 6995
978 7265
978 7325
978 7546
978 7633
978 8313
978 8724
978 8876
1026 205
1026 417
1026 468
1026 978
1026 1026
1026 1118
1026 1447
1026 1537
1026 1542
1026 1938
1026 1974
1026 1990
1026 2483
1026 2713
1026 2893
1026 2955
1026 3153
1026 3365
1026 3926
1026 3974
1026 4066
1026 4336
1026 5201
1026 5332
1026 5351
1026 5375
1026 5381
1026 5563
1026 5802
1026 5893
1026 6082
1026 6090
1026 6716
1026 6855
1026 6865
1026 6903
1026 6995
1026 7265
1026 7325
1026 7546
1026 7633
1026 8313
1026 8724
1026 8876
1118 205
1118 417
1118 468
1118 978
1118 1026
1118 1118
1118 1447
1118 1537
1118 1542
1118 1938
1118 1974
1118 1990
1118 2483
1118 2713
1118 2893
1118 2955
1118 3153
1118 3365
1118 3926
1118 3974
1118 4066
1118 4336
1118 5201
1118 5332
1118 5351
1118 5375
1118 5381
1118 5563
1118 5802
1118 5893
1118 6082
1118 6090
1118 6716
1118 6855
1118 6865
1118 6903
1118 6995
1118 7265
1118 7325
1118 7546
1118 7633
1118 8313
1118 8724
1118 8876
1447 205
1447 417
1447 468
1447 978
1447 1026
1447 1118
1447 1447
1447 1537
1447 1542
1447 1938
1447 1974
1447 1990
1447 2483
1447 2713
1447 2893
1447 2955
1447 3153
1447 3365
1447 3926
1447 3974
1447 4066
1447 4336
1447 5201
1447 5332
1447 5351
1447 5375
1447 5381
1447 5563
1447 5802
1447 5893
1447 6082
1447 6090
1447 6716
1447 6855
1447 6865
1447 6903
1447 6995
1447 7265
1447 7325
1447 7546
1447 7633
1447 8313
1447 8724
1447 8876
1537 205
1537 417
1537 468
1537 978
1537 1026
1537 1118
1537 1447
1537 1537
1537 1542
1537 1938
1537 1974
1537 1990
1537 2483
1537 2713
1537 2893
1537 2955
1537 3153
1537 3365
1537 3926
1537 3974
1537 4066
1537 4336
1537 5201
1537 5332
1537 5351
1537 5375
1537 5381
1537 5563
1537 5802
1537 5893
1537 6082
1537 6090
1537 6716
1537 6855
1537 6865
1537 6903
1537 6995
1537 7265
1537 7325
1537 7546
1537 7633
1537 8313
1537 8724
1537 8876
1542 205
1542 417
1542 468
1542 978
1542 1026
1542 1118
1542 1447
1542 1537
1542 1542
1542 1938
1542 1974
1542 1990
1542 2483
1542 2713
1542 2893
1542 2955
1542 3153
1542 3365
1542 3926
1542 3974
1542 4066
1542 4336
1542 5201
1542 5332
1542 5351
1542 5375
1542 5381
1542 5563
1542 5802
1542 5893
1542 6082
1542 6090
1542 6716
1542 6855
1542 6865
1542 6903
1542 6995
1542 7265
1542 7325
1542 7546
1542 7633
1542 8313
1542 8724
1542 8876
1938 205
1938 417
1938 468
1938 978
1938 1026
1938 1118
1938 1447
1938 1537
1938 1542
1938 1938
1938 1974
1938 1990
1938 2483
1938 2713
1938 2893
1938 2955
1938 3153
1938 3365
1938 3926
1938 3974
1938 4066
1938 4336
1938 5201
1938 5332
1938 5351
1938 5375
1938 5381
1938 5563
1938 5802
1938 5893
1938 6082
1938 6090
1938 6716
1938 6855
1938 6865
1938 6903
1938 6995
1938 7265
1938 7325
1938 7546
1938 7633
1938 8313
1938 8724
1938 8876
1974 205
1974 417
1974 468
1974 978
1974 1026
1974 1118
1974 1447
1974 1537
1974 1542
1974 1938
1974 1974
1974 1990
1974 2483
1974 2713
1974 2893
1974 2955
1974 3153
1974 3365
1974 3926
1974 3974
1974 4066
1974 4336
1974 5201
1974 5332
1974 5351
1974 5375
1974 5381
1974 5563
1974 5802
1974 5893
1974 6082
1974 6090
1974 6716
1974 6855
1974 6865
1974 6903
1974 6995
1974 7265
1974 7325
1974 7546
1974 7633
1974 8313
1974 8724
1974 8876
1990 205
1990 417
1990 468
1990 978
1990 1026
1990 1118
1990 1447
1990 1537
1990 1542
1990 1938
1990 1974
1990 1990
1990 2483
1990 2713
1990 2893
1990 2955
1990 3153
1990 3365
1990 3926
1990 3974
1990 4066
1990 4336
1990 5201
1990 5332
1990 5351
1990 5375
1990 5381
1990 5563
1990 5802
1990 5893
1990 6082
1990 6090
1990 6716
1990 6855
1990 6865
1990 6903
1990 6995
1990 7265
1990 7325
1990 7546
1990 7633
1990 8313
1990 8724
1990 8876
2483 205
2483 417
2483 468
2483 978
2483 1026
2483 1118
2483 1447
2483 1537
2483 1542
2483 1938
2483 1974
2483 1990
2483 2483
2483 2713
2483 2893
2483 2955
2483 3153
2483 3365
2483 3926
2483 3974
2483 4066
2483 4336
2483 5201
2483 5332
2483 5351
2483 5375
2483 5381
2483 5563
2483 5802
2483 5893
2483 6082
2483 6090
2483 6716
2483 6855
2483 6865
2483 6903
2483 6995
2483 7265
2483 7325
2483 7546
2483 7633
2483 8313
2483 8724
2483 8876
2713 205
2713 417
2713 468
2713 978
2713 1026
2713 1118
2713 1447
2713 1537
2713 1542
2713 1938
2713 1974
2713 1990
2713 2483
2713 2713
2713 2893
2713 2955
2713 3153
2713 3365
2713 3926
2713 3974
2713 4066
2713 4336
2713 5201
2713 5332
2713 5351
2713 5375
2713 5381
2713 5563
2713 5802
2713 5893
2713 6082
2713 6090
2713 6716
2713 6855
2713 6865
2713 6903
2713 6995
2713 7265
2713 7325
2713 7546
2713 7633
2713 8313
2713 8724
2713 8876
2893 205
2893 417
2893 468
2893 978
2893 1026
2893 1118
2893 1447
2893 1537
2893 1542
2893 1938
2893 1974
2893 1990
2893 2483
2893 2713
2893 2893
2893 2955
2893 3153
2893 3365
2893 3926
2893 3974
2893 4066
2893 4336
2893 5201
2893 5332
2893 5351
2893 5375
2893 5381
2893 5563
2893 5802
2893 5893
2893 6082
2893 6090
2893 6716
2893 6855
2893 6865
2893 6903
2893 6995
2893 7265
2893 7325
2893 7546
2893 7633
2893 8313
2893 8724
2893 8876
2955 205
2955 417
2955 468
2955 978
2955 1026
2955 1118
2955 1447
2955 1537
2955 1542
2955 1938
2955 1974
2955 1990
2955 2483
2955 2713
2955 2893
2955 2955
2955 3153
2955 3365
2955 3926
2955 3974
2955 4066
2955 4336
2955 5201
2955 5332
2955 5351
2955 5375
2955 5381
2955 5563
2955 5802
2955 5893
2955 6082
2955 6090
2955 6716
2955 6855
2955 6865
2955 6903
2955 6995
2955 7265
2955 7325
2955 7546
2955 7633
2955 8313
2955 8724
2955 8876
3153 205
3153 417
3153 468
3153 978
3153 1026
3153 1118
3153 1447
3153 1537
3153 1542
3153 1938
3153 1974
3153 1990
3153 2483
3153 2713
3153 2893
3153 2955
3153 3153
3153 3365
3153 3926
3153 3974
3153 4066
3153 4336
3153 5201
3153 5332
3153 5351
3153 5375
3153 5381
3153 5563
3153 5802
3153 5893
3153 6082
3153 6090
3153 6716
3153 6855
3153 6865
3153 6903
3153 6995
3153 7265
3153 7325
3153 7546
3153 7633
3153 8313
3153 8724
3153 8876
3365 205
3365 417
3365 468
3365 978
3365 1026
3365 1118
3365 1447
3365 1537
3365 1542
3365 1938
3365 1974
3365 1990
3365 2483
3365 2713
3365 2893
3365 2955
3365 3153
3365 3365
3365 3926
3365 3974
3365 4066
3365 4336
3365 5201
3365 5332
3365 5351
3365 5375
3365 5381
3365 5563
3365 5802
3365 5893
3365 6082
3365 6090
3365 6716
3365 6855
3365 6865
3365 6903
3365 6995
3365 7265
3365 7325
3365 7546
3365 7633
3365 8313
3365 8724
3365 8876
3926 205
3926 417
3926 468
3926 978
3926 1026
3926 1118
3926 1447
3926 1537
3926 1542
3926 1938
3926 1974
3926 1990
3926 2483
3926 2713
3926 2893
3926 2955
3926 3153
3926 3365
3926 3926
3926 3974
3926 4066
3926 4336
3926 5201
3926 5332
3926 5351
3926 5375
3926 5381
3926 5563
3926 5802
3926 5893
3926 6082
3926 6090
3926 6716
3926 6855
3926 6865
3926 6903
3926 6995
3926 7265
3926 7325
3926 7546
3926 7633
3926 8313
3926 8724
3926 8876
3974 205
3974 417
3974 468
3974 978
3974 1026
3974 1118
3974 1447
3974 1537
3974 1542
3974 1938
3974 1974
3974 1990
3974 2483
3974 2713
3974 2893
3974 2955
3974 3153
3974 3365
3974 3926
3974 3974
3974 4066
3974 4336
3974 5201
3974 5332
3974 5351
3974 5375
3974 5381
3974 5563
3974 5802
3974 5893
3974 6082
3974 6090
3974 6716
3974 6855
3974 6865
3974 6903
3974 6995
3974 7265
3974 7325
3974 7546
3974 7633
3974 8313
3974 8724
3974 8876
4066 205
4066 417
4066 468
4066 978
4066 1026
4066 1118
4066 1447
4066 1537
4066 1542
4066 1938
4066 1974
4066 1990
4066 2483
4066 2713
4066 2893
4066 2955
4066 3153
4066 3365
4066 3926
4066 3974
4066 4066
4066 4336
4066 5201
4066 5332
4066 5351
4066 5375
4066 5381
4066 5563
4066 5802
4066 5893
4066 6082
4066 6090
4066 6716
4066 6855
4066 6865
4066 6903
4066 6995
4066 7265
4066 7325
4066 7546
4066 7633
4066 8313
4066 8724
4066 8876
4336 205
4336 417
4336 468
4336 978
4336 1026
4336 1118
4336 1447
4336 1537
4336 1542
4336 1938
4336 1974
4336 1990
4336 2483
4336 2713
4336 2893
4336 2955
4336 3153
4336 3365
4336 3926
4336 3974
4336 4066
4336 4336
4336 5201
4336 5332
4336 5351
4336 5375
4336 5381
4336 5563
4336 5802
4336 5893
4336 6082
4336 6090
4336 6716
4336 6855
4336 6865
4336 6903
4336 6995
4336 7265
4336 7325
4336 7546
4336 7633
4336 8313
4336 8724
4336 8876
5201 205
5201 417
5201 468
5201 978
5201 1026
5201 1118
5201 1447
5201 1537
5201 1542
5201 1938
5201 1974
5201 1990
5201 2483
5201 2713
5201 2893
5201 2955
5201 3153
5201 3365
5201 3926
5201 3974
5201 4066
5201 4336
5201 5201
5201 5332
5201 5351
5201 5375
5201 5381
5201 5563
5201 5802
5201 5893
5201 6082
5201 6090
5201 6716
5201 6855
5201 6865
5201 6903
5201 6995
5201 7265
5201 7325
5201 7546
5201 7633
5201 8313
5201 8724
5201 8876
5332 205
5332 417
5332 468
5332 978
5332 1026
5332 1118
5332 1447
5332 1537
5332 1542
5332 1938
5332 1974
5332 1990
5332 2483
5332 2713
5332 2893
5332 2955
5332 3153
5332 3365
5332 3926
5332 3974
5332 4066
5332 4336
5332 5201
5332 5332
5332 5351
5332 5375
5332 5381
5332 5563
5332 5802
5332 5893
5332 6082
5332 6090
5332 6716
5332 6855
5332 6865
5332 6903
5332 6995
5332 7265
5332 7325
5332 7546
5332 7633
5332 8313
5332 8724
5332 8876
5351 205
5351 417
5351 468
5351 978
5351 1026
5351 1118
5351 1447
5351 1537
5351 1542
5351 1938
5351 1974
5351 1990
5351 2483
5351 2713
5351 2893
5351 2955
5351 3153
5351 3365
5351 3926
5351 3974
5351 4066
5351 4336
5351 5201
5351 5332
5351 5351
5351 5375
5351 5381
5351 5563
5351 5802
5351 5893
5351 6082
5351 6090
5351 6716
5351 6855
5351 6865
5351 6903
5351 6995
5351 7265
5351 7325
5351 7546
5351 7633
5351 8313
5351 8724
5351 8876
5375 205
5375 417
5375 468
5375 978
5375 1026
5375 1118
5375 1447
5375 1537
5375 1542
5375 1938
5375 1974
5375 1990
5375 2483
5375 2713
5375 2893
5375 2955
5375 3153
5375 3365
5375 3926
5375 3974
5375 4066
5375 4336
5375 5201
5375 5332
5375 5351
5375 5375
5375 5381
5375 5563
5375 5802
5375 5893
5375 6082
5375 6090
5375 6716
5375 6855
5375 6865
5375 6903
5375 6995
5375 7265
5375 7325
5375 7546
5375 7633
5375 8313
5375 8724
5375 8876
5381 205
5381 417
5381 468
5381 978
5381 1026
5381 1118
5381 1447
5381 1537
5381 1542
5381 1938
5381 1974
5381 1990
5381 2483
5381 2713
5381 2893
5381 2955
5381 3153
5381 3365
5381 3926
5381 3974
5381 4066
5381 4336
5381 5201
5381 5332
5381 5351
5381 5375
5381 5381
5381 5563
5381 5802
5381 5893
5381 6082
5381 6090
5381 6716
5381 6855
5381 6865
5381 6903
5381 6995
5381 7265
5381 7325
5381 7546
5381 7633
5381 8313
5381 8724
5381 8876
5563 205
5563 417
5563 468
5563 978
5563 1026
5563 1118
5563 1447
5563 1537
5563 1542
5563 1938
5563 1974
5563 1990
5563 2483
5563 2713
5563 2893
5563 2955
5563 3153
5563 3365
5563 3926
5563 3974
5563 4066
5563 4336
5563 5201
5563 5332
5563 5351
5563 5375
5563 5381
5563 5563
5563 5802
5563 5893
5563 6082
5563 6090
5563 6716
5563 6855
5563 6865
5563 6903
5563 6995
5563 7265
5563 7325
5563 7546
5563 7633
5563 8313
5563 8724
5563 8876
5802 205
5802 417
5802 468
5802 978
5802 1026
5802 1118
5802 1447
5802 1537
5802 1542
5802 1938
5802 1974
5802 1990
5802 2483
5802 2713
5802 2893
5802 2955
5802 3153
5802 3365
5802 3926
5802 3974
5802 4066
5802 4336
5802 5201
5802 5332
5802 5351
5802 5375
5802 5381
5802 5563
5802 5802
5802 5893
5802 6082
5802 6090
5802 6716
5802 6855
5802 6865
5802 6903
5802 6995
5802 7265
5802 7325
5802 7546
5802 7633
5802 8313
5802 8724
5802 8876
5893 205
5893 417
5893 468
5893 978
5893 1026
5893 1118
5893 1447
5893 1537
5893 1542
5893 1938
5893 1974
5893 1990
5893 2483
5893 2713
5893 2893
5893 2955
5893 3153
5893 3365
5893 3926
5893 3974
5893 4066
5893 4336
5893 5201
5893 5332
5893 5351
5893 5375
5893 5381
5893 5563
5893 5802
5893 5893
5893 6082
5893 6090
5893 6716
5893 6855
5893 6865
5893 6903
5893 6995
5893 7265
5893 7325
5893 7546
5893 7633
5893 8313
5893 8724
5893 8876
6082 205
6082 417
6082 468
6082 978
6082 1026
6082 1118
6082 1447
6082 1537
6082 1542
6082 1938
6082 1974
6082 1990
6082 2483
6082 2713
6082 2893
6082 2955
6082 3153
6082 3365
6082 3926
6082 3974
6082 4066
6082 4336
6082 5201
6082 5332
6082 5351
6082 5375
6082 5381
6082 5563
6082 5802
6082 5893
6082 6082
6082 6090
6082 6716
6082 6855
6082 6865
6082 6903
6082 6995
6082 7265
6082 7325
6082 7546
6082 7633
6082 8313
6082 8724
6082 8876
6090 205
6090 417
6090 468
6090 978
6090 1026
6090 1118
6090 1447
6090 1537
6090 1542
6090 1938
6090 1974
6090 1990
6090 2483
6090 2713
6090 2893
6090 2955
6090 3153
6090 3365
6090 3926
6090 3974
6090 4066
6090 4336
6090 5201
6090 5332
6090 5351
6090 5375
6090 5381
6090 5563
6090 5802
6090 5893
6090 6082
6090 6090
6090 6716
6090 6855
6090 6865
6090 6903
6090 6995
6090 7265
6090 7325
6090 7546
6090 7633
6090 8313
6090 8724
6090 8876
6716 205
6716 417
6716 468
6716 978
6716 1026
6716 1118
6716 1447
6716 1537
6716 1542
6716 1938
6716 1974
6716 1990
6716 2483
6716 2713
6716 2893
6716 2955
6716 3153
6716 3365
6716 3926
6716 3974
6716 4066
6716 4336
6716 5201
6716 5332
6716 5351
6716 5375
6716 5381
6716 5563
6716 5802
6716 5893
6716 6082
6716 6090
6716 6716
6716 6855
6716 6865
6716 6903
6716 6995
6716 7265
6716 7325
6716 7546
6716 7633
6716 8313
6716 8724
6716 8876
6855 205
6855 417
6855 468
6855 978
6855 1026
6855 1118
6855 1447
6855 1537
6855 1542
6855 1938
6855 1974
6855 1990
6855 2483
6855 2713
6855 2893
6855 2955
6855 3153
6855 3365
6855 3926
6855 3974
6855 4066
6855 4336
6855 5201
6855 5332
6855 5351
6855 5375
6855 5381
6855 5563
6855 5802
6855 5893
6855 6082
6855 6090
6855 6716
6855 6855
6855 6865
6855 6903
6855 6995
6855 7265
6855 7325
6855 7546
6855 7633
6855 8313
6855 8724
6855 8876
6865 205
6865 417
6865 468
6865 978
6865 1026
6865 1118
6865 1447
6865 1537
6865 1542
6865 1938
6865 1974
6865 1990
6865 2483
6865 2713
6865 2893
6865 2955
6865 3153
6865 3365
6865 3926
6865 3974
6865 4066
6865 4336
6865 5201
6865 5332
6865 5351
6865 5375
6865 5381
6865 5563
6865 5802
6865 5893
6865 6082
6865 6090
6865 6716
6865 6855
6865 6865
6865 6903
6865 6995
6865 7265
6865 7325
6865 7546
6865 7633
6865 8313
6865 8724
6865 8876
6903 205
6903 417
6903 468
6903 978
6903 1026
6903 1118
6903 1447
6903 1537
6903 1542
6903 1938
6903 1974
6903 1990
6903 2483
6903 2713
6903 2893
6903 2955
6903 3153
6903 3365
6903 3926
6903 3974
6903 4066
6903 4336
6903 5201
6903 5332
6903 5351
6903 5375
6903 5381
6903 5563
6903 5802
6903 5893
6903 6082
6903 6090
6903 6716
6903 6855
6903 6865
6903 6903
6903 6995
6903 7265
6903 7325
6903 7546
6903 7633
6903 8313
6903 8724
6903 8876
6995 205
6995 417
6995 468
6995 978
6995 1026
6995 1118
6995 1447
6995 1537
6995 1542
6995 1938
6995 1974
6995 1990
6995 2483
6995 2713
6995 2893
6995 2955
6995 3153
6995 3365
6995 3926
6995 3974
6995 4066
6995 4336
6995 5201
6995 5332
6995 5351
6995 5375
6995 5381
6995 5563
6995 5802
6995 5893
6995 6082
6995 6090
6995 6716
6995 6855
6995 6865
6995 6903
6995 6995
6995 7265
6995 7325
6995 7546
6995 7633
6995 8313
6995 8724
6995 8876
7265 205
7265 417
7265 468
7265 978
7265 1026
7265 1118
7265 1447
7265 1537
7265 1542
7265 1938
7265 1974
7265 1990
7265 2483
7265 2713
7265 2893
7265 2955
7265 3153
7265 3365
7265 3926
7265 3974
7265 4066
7265 4336
7265 5201
7265 5332
7265 5351
7265 5375
7265 5381
7265 5563
7265 5802
7265 5893
7265 6082
7265 6090
7265 6716
7265 6855
7265 6865
7265 6903
7265 6995
7265 7265
7265 7325
7265 7546
7265 7633
7265 8313
7265 8724
7265 8876
7325 205
7325 417
7325 468
7325 978
7325 1026
7325 1118
7325 1447
7325 1537
7325 1542
7325 1938
7325 1974
7325 1990
7325 2483
7325 2713
7325 2893
7325 2955
7325 3153
7325 3365
7325 3926
7325 3974
7325 4066
7325 4336
7325 5201
7325 5332
7325 5351
7325 5375
7325 5381
7325 5563
7325 5802
7325 5893
7325 6082
7325 6090
7325 6716
7325 6855
7325 6865
7325 6903
7325 6995
7325 7265
7325 7325
7325 7546
7325 7633
7325 8313
7325 8724
7325 8876
7546 205
7546 417
7546 468
7546 978
7546 1026
7546 1118
7546 1447
7546 1537
7546 1542
7546 1938
7546 1974
7546 1990
7546 2483
7546 2713
7546 2893
7546 2955
7546 3153
7546 3365
7546 3926
7546 3974
7546 4066
7546 4336
7546 5201
7546 5332
7546 5351
7546 5375
7546 5381
7546 5563
7546 5802
7546 5893
7546 6082
7546 6090
7546 6716
7546 6855
7546 6865
7546 6903
7546 6995
7546 7265
7546 7325
7546 7546
7546 7633
7546 8313
7546 8724
7546 8876
7633 205
7633 417
7633 468
7633 978
7633 1026
7633 1118
7633 1447
7633 1537
7633 1542
7633 1938
7633 1974
7633 1990
7633 2483
7633 2713
7633 2893
7633 2955
7633 3153
7633 3365
7633 3926
7633 3974
7633 4066
7633 4336
7633 5201
7633 5332
7633 5351
7633 5375
7633 5381
7633 5563
7633 5802
7633 5893
7633 6082
7633 6090
7633 6716
7633 6855
7633 6865
7633 6903
7633 6995
7633 7265
7633 7325
7633 7546
7633 7633
7633 8313
7633 8724
7633 8876
8313 205
8313 417
8313 468
8313 978
8313 1026
8313 1118
8313 1447
8313 1537
8313 1542
8313 1938
8313 1974
8313 1990
8313 2483
8313 2713
8313 2893
8313 2955
8313 3153
8313 3365
8313 3926
8313 3974
8313 4066
8313 4336
8313 5201
8313 5332
8313 5351
8313 5375
8313 5381
8313 5563
8313 5802
8313 5893
8313 6082
8313 6090
8313 6716
8313 6855
8313 6865
8313 6903
8313 6995
8313 7265
8313 7325
8313 7546
8313 7633
8313 8313
8313 8724
8313 8876
8724 205
8724 417
8724 468
8724 978
8724 1026
8724 1118
8724 1447
8724 1537
8724 1542
8724 1938
8724 1974
8724 1990
8724 2483
8724 2713
8724 2893
8724 2955
8724 3153
8724 3365
8724 3926
8724 3974
8724 4066
8724 4336
8724 5201
8724 5332
8724 5351
8724 5375
8724 5381
8724 5563
8724 5802
8724 5893
8724 6082
8724 6090
8724 6716
8724 6855
8724 6865
8724 6903
8724 6995
8724 7265
8724 7325
8724 7546
8724 7633
8724 8313
8724 8724
8724 8876
8876 205
8876 417
8876 468
8876 978
8876 1026
8876 1118
8876 1447
8876 1537
8876 1542
8876 1938
8876 1974
8876 1990
8876 2483
8876 2713
8876 2893
8876 2955
8876 3153
8876 3365
8876 3926
8876 3974
8876 4066
8876 4336
8876 5201
8876 5332
8876 5351
8876 5375
8876 5381
8876 5563
8876 5802
8876 5893
8876 6082
8876 6090
8876 6716
8876 6855
8876 6865
8876 6903
8876 6995
8876 7265
8876 7325
8876 7546
8876 7633
8876 8313
8876 8724
8876 8876
