4 1 2 
5 1 2 
6 2 6 
7 1 8 
8 2 8 
9 2 12 
10 1 12 
11 2 26 
12 2 15 
13 16 21 
14 11 14 
15 2 28 
16 23 10 
17 2 14 
18 13 14 
19 7 3 
20 12 88 
21 5 12 
22 2 22 
23 10 28 
24 2 6 
25 2 6 
26 3 7 
27 4 11 
28 4 8 
29 5 10 
30 5 12 
31 5 17 
32 6 15 
33 8 16 
34 10 21 
35 12 18 
36 12 29 
37 12 24 
38 15 27 
39 20 35 
40 18 33 
41 24 35 
42 25 40 
43 25 43 
44 30 46 
45 28 46 
46 35 52 
47 35 53 
48 39 89 
49 45 64 
50 46 67 
51 55 80 
52 53 77 
53 61 83 
54 64 89 
55 71 99 
56 75 98 
57 86 113 
58 91 116 
59 101 126 
60 101 129 
