4 7 7 
5 2 10 
6 3 14 
7 2 35 
8 1 19 
9 2 22 
10 6 25 
11 1 34 
12 11 16 
13 3 35 
14 14 25 
15 3 28 
16 8 16 
17 12 22 
18 13 19 
19 6 6 
20 1 10 
21 14 27 
22 7 25 
23 16 23 
24 3 22 
25 4 9 
26 5 10 
27 6 15 
28 6 13 
29 8 14 
30 9 16 
31 10 23 
32 12 21 
33 13 22 
34 14 25 
35 18 27 
36 20 39 
37 22 32 
38 26 38 
39 31 43 
40 34 46 
41 36 56 
42 41 56 
43 41 54 
44 45 59 
45 49 64 
46 56 70 
47 60 75 
48 65 83 
49 84 84 
50 80 99 
51 86 100 
52 92 111 
53 99 119 
54 108 127 
55 121 134 
56 125 140 
57 136 147 
58 152 209 
59 160 175 
60 167 179 
