4 1 3 
5 1 4 
6 1 8 
7 3 29 
8 1 17 
9 8 9 
10 1 28 
11 2 38 
12 11 11 
13 3 33 
14 2 24 
15 5 41 
16 2 7 
17 6 15 
18 15 13 
19 14 24 
20 12 317 
21 10 14 
22 10 18 
23 9 25 
24 7 19 
25 3 8 
26 4 9 
27 5 13 
28 6 11 
29 6 12 
30 6 13 
31 8 20 
32 9 17 
33 9 18 
34 12 20 
35 13 23 
36 15 34 
37 16 27 
38 18 31 
39 21 33 
40 25 37 
41 38 43 
42 31 46 
43 35 51 
44 34 48 
45 70 118 
46 43 58 
47 48 65 
48 49 67 
49 53 71 
50 57 76 
51 69 88 
52 71 93 
53 77 133 
54 82 103 
55 91 110 
56 96 119 
57 108 129 
58 116 136 
59 141 145 
60 127 150 
