4 1 2 
5 1 2 
6 1 6 
7 2 8 
8 1 4 
9 1 14 
10 14 4 
11 13 10 
12 1 4 
13 10 17 
14 9 14 
15 14 5 
16 6 34 
17 2 4 
18 2 9 
19 18 3 
20 2 76 
21 1 10 
22 1 10 
23 2 16 
24 6 8 
25 2 4 
26 2 4 
27 2 8 
28 2 5 
29 2 7 
30 3 7 
31 3 10 
32 3 11 
33 4 10 
34 4 11 
35 5 13 
36 5 15 
37 6 14 
38 6 15 
39 7 20 
40 10 23 
41 10 24 
42 12 24 
43 13 26 
44 13 26 
45 13 28 
46 15 33 
47 15 33 
48 17 35 
49 19 37 
50 21 46 
51 22 42 
52 22 43 
53 26 49 
54 28 52 
55 32 58 
56 35 64 
57 38 66 
58 95 147 
59 43 75 
60 47 78 
