4 1 12 
5 2 7 
6 2 7 
7 2 24 
8 2 9 
9 1 31 
10 13 24 
11 13 14 
12 19 16 
13 3 34 
14 2 28 
15 3 34 
16 3 9 
17 11 28 
18 12 17 
19 2 6 
20 2 28 
21 15 20 
22 18 33 
23 3 19 
24 9 20 
25 4 9 
26 6 10 
27 6 16 
28 7 13 
29 8 15 
30 9 17 
31 11 25 
32 12 20 
33 15 25 
34 17 26 
35 18 28 
36 21 40 
37 24 33 
38 29 41 
39 31 43 
40 37 56 
41 37 51 
42 44 57 
43 45 57 
44 50 62 
45 53 67 
46 60 74 
47 65 78 
48 69 84 
49 77 88 
50 84 95 
51 88 109 
52 99 112 
53 106 119 
54 113 128 
55 125 137 
56 135 146 
57 144 161 
58 156 165 
59 163 175 
60 180 184 
