4 1 1 
5 1 1 
6 2 6 
7 9 10 
8 1 7 
9 1 19 
10 9 10 
11 2 22 
12 10 7 
13 4 14 
14 14 11 
15 1 18 
16 1 25 
17 10 9 
18 7 10 
19 2 23 
20 11 82 
21 1 25 
22 1 20 
23 8 35 
24 6 4 
25 2 6 
26 3 6 
27 2 8 
28 3 7 
29 3 7 
30 3 10 
31 5 15 
32 5 19 
33 5 13 
34 8 16 
35 7 16 
36 8 23 
37 8 19 
38 21 20 
39 14 39 
40 14 29 
41 13 29 
42 20 46 
43 19 37 
44 18 35 
45 22 39 
46 23 41 
47 27 45 
48 29 48 
49 30 52 
50 36 58 
51 39 59 
52 40 63 
53 44 70 
54 42 65 
55 62 85 
56 57 85 
57 61 91 
58 70 101 
59 70 101 
60 75 108 
