4 9 6 
5 2 5 
6 1 21 
7 1 10 
8 2 10 
9 2 9 
10 14 31 
11 6 17 
12 11 25 
13 7 19 
14 2 28 
15 2 31 
16 3 18 
17 6 12 
18 9 18 
19 3 24 
20 27 170 
21 2 19 
22 8 18 
23 11 22 
24 5 16 
25 4 8 
26 5 9 
27 5 14 
28 6 12 
29 7 16 
30 8 16 
31 9 23 
32 11 19 
33 12 20 
34 13 23 
35 15 26 
36 18 36 
37 19 32 
38 22 93 
39 26 43 
40 30 42 
41 39 55 
42 38 57 
43 46 52 
44 41 56 
45 87 124 
46 49 65 
47 54 69 
48 58 72 
49 64 80 
50 69 87 
51 75 91 
52 87 113 
53 88 111 
54 96 113 
55 101 116 
56 107 124 
57 121 137 
58 135 152 
59 137 157 
60 151 167 
