4 1 4 
5 2 20 
6 2 9 
7 2 23 
8 1 8 
9 7 31 
10 2 29 
11 2 22 
12 3 26 
13 10 25 
14 14 24 
15 19 34 
16 8 7 
17 3 17 
18 18 32 
19 3 6 
20 10 21 
21 3 14 
22 4 12 
23 11 15 
24 4 8 
25 4 9 
26 5 11 
27 6 22 
28 7 13 
29 8 15 
30 10 17 
31 10 25 
32 13 21 
33 15 22 
34 16 26 
35 20 29 
36 22 40 
37 26 35 
38 27 40 
39 32 43 
40 36 57 
41 38 51 
42 50 56 
43 45 61 
44 50 62 
45 54 68 
46 58 73 
47 66 80 
48 71 84 
49 77 89 
50 84 99 
51 92 104 
52 102 115 
53 109 126 
54 118 134 
55 128 176 
56 138 149 
57 149 157 
58 158 169 
59 171 179 
60 183 188 
