1000 42 12 
1000 53 57 
1000 300 117 
1000 233 255 
1000 600 570 
1000 11 10 
1000 53 54 
1000 126 131 
1000 260 259 
1000 588 589 
1000 10 10 
1000 53 51 
1000 123 123 
1000 255 213 
1000 535 589 
1000 11 9 
1000 54 53 
1000 124 122 
1000 255 222 
1000 550 572 
1000 11 11 
1000 56 55 
1000 124 122 
1000 255 251 
1000 522 552 
1000 12 10 
1000 52 51 
1000 120 123 
1000 260 253 
1000 622 578 
1000 12 12 
1000 56 53 
1000 129 146 
1000 271 262 
1000 600 635 
1000 10 9 
1000 56 55 
1000 136 131 
1000 257 257 
1000 581 591 
1000 11 11 
1000 53 53 
1000 130 128 
1000 265 261 
1000 620 599 
1000 11 9 
1000 50 50 
1000 123 118 
1000 233 245 
1000 630 630 
1000 11 11 
1000 55 55 
1000 128 126 
1000 242 257 
1000 564 566 
1000 11 10 
1000 50 50 
1000 91 119 
1000 242 205 
1000 582 582 
