1000 15 10 
1000 53 51 
1000 124 117 
1000 232 233 
1000 655 600 
1000 11 9 
1000 51 53 
1000 96 124 
1000 259 258 
1000 542 616 
1000 10 9 
1000 53 52 
1000 124 123 
1000 255 249 
1000 602 620 
1000 10 10 
1000 56 54 
1000 125 120 
1000 254 253 
1000 584 637 
1000 11 10 
1000 55 42 
1000 128 126 
1000 254 256 
1000 552 554 
1000 10 9 
1000 53 52 
1000 124 125 
1000 267 270 
1000 521 624 
1000 11 9 
1000 57 54 
1000 128 128 
1000 263 250 
1000 610 514 
1000 9 9 
1000 55 55 
1000 129 118 
1000 255 253 
1000 604 541 
1000 10 10 
1000 55 55 
1000 130 124 
1000 257 252 
1000 623 620 
1000 9 9 
1000 51 49 
1000 119 120 
1000 248 261 
1000 657 642 
1000 11 10 
1000 55 54 
1000 118 121 
1000 238 242 
1000 602 530 
1000 9 9 
1000 51 52 
1000 115 117 
1000 264 264 
1000 631 595 
