1000 13 12 
1000 48 49 
1000 118 106 
1000 259 199 
1000 624 605 
1000 11 10 
1000 53 56 
1000 125 128 
1000 268 208 
1000 595 586 
1000 10 8 
1000 53 53 
1000 124 122 
1000 260 257 
1000 609 632 
1000 10 10 
1000 56 55 
1000 125 121 
1000 259 256 
1000 554 609 
1000 12 10 
1000 56 53 
1000 124 129 
1000 252 253 
1000 536 531 
1000 10 9 
1000 51 50 
1000 122 124 
1000 261 252 
1000 618 615 
1000 11 10 
1000 57 54 
1000 125 124 
1000 263 250 
1000 611 599 
1000 10 9 
1000 55 53 
1000 129 124 
1000 226 253 
1000 594 630 
1000 10 10 
1000 54 53 
1000 127 127 
1000 208 262 
1000 625 640 
1000 9 8 
1000 50 50 
1000 123 106 
1000 234 213 
1000 656 612 
1000 11 10 
1000 55 53 
1000 115 120 
1000 201 231 
1000 591 541 
1000 10 8 
1000 51 51 
1000 115 120 
1000 257 260 
1000 581 597 
