1000 15 9 
1000 46 51 
1000 114 110 
1000 256 258 
1000 600 580 
1000 12 11 
1000 54 52 
1000 126 128 
1000 268 265 
1000 595 603 
1000 10 10 
1000 53 50 
1000 124 119 
1000 253 260 
1000 586 606 
1000 11 10 
1000 54 55 
1000 125 120 
1000 257 257 
1000 559 557 
1000 12 10 
1000 56 54 
1000 124 128 
1000 260 265 
1000 526 500 
1000 11 9 
1000 51 50 
1000 122 124 
1000 218 258 
1000 628 612 
1000 12 10 
1000 55 54 
1000 127 127 
1000 268 200 
1000 615 589 
1000 9 10 
1000 55 54 
1000 133 119 
1000 259 259 
1000 594 618 
1000 12 10 
1000 53 51 
1000 129 111 
1000 258 248 
1000 556 596 
1000 9 9 
1000 51 49 
1000 124 121 
1000 231 251 
1000 649 618 
1000 11 11 
1000 55 53 
1000 133 134 
1000 241 244 
1000 582 570 
1000 11 10 
1000 52 50 
1000 117 121 
1000 257 249 
1000 582 577 
