1000 13 10 
1000 51 53 
1000 125 122 
1000 243 246 
1000 627 589 
1000 11 9 
1000 54 41 
1000 125 128 
1000 262 267 
1000 602 632 
1000 10 10 
1000 53 50 
1000 123 119 
1000 256 272 
1000 587 516 
1000 10 10 
1000 55 53 
1000 125 124 
1000 253 265 
1000 551 566 
1000 12 11 
1000 55 52 
1000 122 125 
1000 253 256 
1000 532 460 
1000 10 10 
1000 53 50 
1000 120 124 
1000 267 260 
1000 627 596 
1000 11 9 
1000 57 54 
1000 128 129 
1000 263 258 
1000 610 633 
1000 10 10 
1000 54 55 
1000 129 120 
1000 254 260 
1000 597 641 
1000 10 9 
1000 55 54 
1000 128 126 
1000 258 257 
1000 635 645 
1000 9 9 
1000 51 49 
1000 116 116 
1000 249 243 
1000 647 611 
1000 12 10 
1000 55 56 
1000 121 117 
1000 241 233 
1000 600 554 
1000 9 10 
1000 52 53 
1000 116 120 
1000 255 255 
1000 551 629 
